date,open,high,low,close,amout,vol,str07
20160428,17.82,21.38,17.82,21.38,398395.40625,18659,65536
20160429,23.52,23.52,23.52,23.52,136416.0,5800,65536
20160503,25.87,25.87,25.87,25.87,175916.0,6800,65536
20160504,28.46,28.46,28.46,28.46,150838.0,5300,65536
20160505,31.31,31.31,31.31,31.31,396102.8125,12651,65536
20160506,34.44,34.44,34.44,34.44,470450.40625,13660,65536
20160509,37.88,37.88,37.88,37.88,3115668.0,82251,65536
20160510,41.67,41.67,41.67,41.67,4575782.5,109810,65536
20160511,45.84,45.84,45.84,45.84,4597248.0,100289,65536
20160512,50.42,50.42,45.01,46.09,703311040.0,14713585,65536
20160513,43.1,47.74,42.48,45.66,467988352.0,10413203,65536
20160516,44.0,44.44,41.53,42.6,336151968.0,7881639,65536
20160517,42.28,44.09,42.05,42.56,275264800.0,6390744,65536
20160518,41.7,42.0,38.8,39.18,255046528.0,6369948,65536
20160519,39.5,40.4,39.0,39.15,164749072.0,4151185,65536
20160520,38.5,40.83,38.21,40.81,234865760.0,5884144,65536
20160523,40.6,44.89,40.22,44.89,414154240.0,9624803,65536
20160524,45.2,49.38,43.64,49.2,573465792.0,12429517,65536
20160525,48.18,50.58,47.0,48.4,597429376.0,12244740,65536
20160526,46.99,50.0,46.07,49.52,466592480.0,9694630,65536
20160527,49.04,50.5,46.52,46.61,518806560.0,10660737,65536
20160530,46.0,51.27,45.31,51.27,506046336.0,10270547,65536
20160531,51.99,54.78,50.05,53.02,814740352.0,15566866,65536
20160601,52.11,55.0,52.01,53.69,667780160.0,12469201,65536
20160602,52.82,56.37,52.1,55.33,596564992.0,11075266,65536
20160603,54.55,55.81,53.25,53.51,517785376.0,9549911,65536
20160606,52.8,54.25,52.18,53.5,291688256.0,5490004,65536
20160607,53.53,58.85,53.53,58.5,711360960.0,12501749,65536
20160608,56.88,57.13,54.3,54.96,576875520.0,10331981,65536
20160613,52.02,52.6,49.46,49.46,334372256.0,6554054,65536
20160614,48.02,49.49,46.9,49.29,223566064.0,4609292,65536
20160615,48.1,52.8,47.8,51.43,302560640.0,5900720,65536
20160616,51.3,52.56,50.7,51.03,255697584.0,4953449,65536
20160617,51.33,56.0,51.33,55.1,451390208.0,8437543,65536
20160620,55.2,57.85,53.01,56.44,504104384.0,9046005,65536
20160621,56.5,62.08,55.81,60.21,738984576.0,12493454,65536
20160622,59.3,61.96,58.5,59.49,559355072.0,9312535,65536
20160623,58.88,60.66,56.5,58.93,372003872.0,6314241,65536
20160624,58.0,60.0,54.82,58.95,404153216.0,6974712,65536
20160627,58.11,64.8,57.6,63.51,569394944.0,9158164,65536
20160628,63.48,64.49,62.52,63.96,523352672.0,8243526,65536
20160629,63.5,70.36,63.4,70.36,656792832.0,9678066,65536
20160630,67.5,71.68,67.01,68.08,874989120.0,12643685,65536
20160701,69.18,73.77,69.18,72.14,729290752.0,10173086,65536
20160704,69.9,74.89,69.2,74.13,640547136.0,8904135,65536
20160705,73.8,81.54,73.38,81.54,681055552.0,8652527,65536
20160706,83.63,84.88,76.96,79.67,914422208.0,11323906,65536
20160707,77.58,79.64,76.01,79.22,549432128.0,7042331,65536
20160708,78.38,78.77,75.0,75.2,463393120.0,6043761,65536
20160711,75.49,76.4,67.75,68.54,511506688.0,7240094,65536
20160712,68.56,75.2,67.03,74.9,560307520.0,7916867,65536
20160713,73.5,79.57,72.88,76.15,699509504.0,9121351,65536
20160714,77.77,82.42,76.66,81.3,706281152.0,8910567,65536
20160715,80.62,84.33,79.0,80.08,700151552.0,8589680,65536
20160718,79.59,83.0,77.77,78.56,477035808.0,5942477,65536
20160719,76.85,78.6,74.18,78.6,474191808.0,6241491,65536
20160720,78.0,78.3,75.3,75.9,319840128.0,4146667,65536
20160721,75.67,76.54,72.5,72.59,349138656.0,4682821,65536
20160722,72.06,73.5,68.35,71.06,355187072.0,5006859,65536
20160725,70.75,71.9,68.2,71.9,286567936.0,4085128,65536
20160726,71.4,74.36,70.92,72.52,280124256.0,3835939,65536
20160727,71.94,72.26,65.27,65.27,362684032.0,5332114,65536
20160728,63.78,67.0,62.5,66.11,274550944.0,4256199,65536
20160729,65.28,66.95,64.12,64.7,204356496.0,3114737,65536
20160801,62.96,63.48,59.0,60.32,201852128.0,3330341,65536
20160802,60.73,62.05,60.0,62.05,173955520.0,2849002,65536
20160803,61.85,66.66,61.38,65.74,350422496.0,5427574,65536
20160804,65.85,66.49,64.0,64.45,253275072.0,3900025,65536
20160805,64.03,65.2,61.83,62.81,173624288.0,2728667,65536
20160808,61.51,63.8,59.01,63.8,195983296.0,3208132,65536
20160809,63.5,65.2,63.03,64.71,227803376.0,3535796,65536
20160810,64.79,66.5,64.7,65.43,299454272.0,4544535,65536
20160811,65.0,65.0,62.5,62.6,234114176.0,3687376,65536
20160812,62.05,63.83,62.05,63.13,157047264.0,2494101,65536
20160815,63.14,69.44,63.13,68.7,436871008.0,6537449,65536
20160816,68.91,70.3,68.02,68.6,405746272.0,5874249,65536
20160817,68.06,73.0,67.22,72.15,488118944.0,6923268,65536
20160818,70.1,72.0,69.61,70.45,374498688.0,5290401,65536
20160819,70.68,71.2,68.3,68.32,228399520.0,3293408,65536
20160822,68.01,68.26,65.2,65.7,187968752.0,2837546,65536
20160823,65.4,68.95,65.35,67.84,209334592.0,3095755,65536
20160824,67.3,68.8,67.22,67.72,176806320.0,2598499,65536
20160825,66.5,69.47,64.0,69.3,272443552.0,4048673,65536
20160826,69.0,70.71,67.01,67.2,223060400.0,3243906,65536
20160829,66.5,68.22,65.41,65.95,133361288.0,2005743,65536
20160830,66.98,67.28,65.6,65.91,105719952.0,1593891,65536
20160831,65.7,66.4,62.89,65.66,174455808.0,2696632,65536
20160901,65.4,65.79,63.0,63.85,145245856.0,2242399,65536
20160902,63.11,64.15,62.39,62.8,111520736.0,1763920,65536
20160905,63.09,64.13,62.69,63.0,89568504.0,1411596,65536
20160906,62.9,64.5,61.61,64.24,121474072.0,1924195,65536
20160907,64.28,64.38,62.01,62.19,121423344.0,1918322,65536
20160908,61.75,62.66,61.5,62.08,72498712.0,1167762,65536
20160909,62.5,62.58,60.83,61.24,85995536.0,1394464,65536
20160912,59.15,60.55,58.88,58.95,94530720.0,1587279,65536
20160913,59.58,59.64,58.5,58.78,65073108.0,1103919,65536
20160914,58.15,59.15,58.0,58.18,55525132.0,949919,65536
20160919,58.63,59.2,58.19,58.87,56608576.0,962042,65536
20160920,58.8,59.47,58.27,59.2,63395396.0,1075429,65536
20160921,59.3,60.47,58.85,59.67,80338568.0,1344046,65536
20160922,59.94,60.33,59.15,59.16,81329528.0,1363394,65536
20160923,59.26,60.2,57.01,57.75,110524336.0,1873439,65536
20160926,57.0,57.0,53.58,53.58,120610848.0,2190960,65536
20160927,53.57,54.5,52.7,54.29,80509168.0,1495716,65536
20160928,54.38,55.0,53.28,54.25,75571208.0,1394711,65536
20160929,54.58,54.87,53.98,54.2,57716464.0,1059461,65536
20160930,53.74,54.25,53.67,53.73,44718832.0,828748,65536
20161010,54.02,56.19,54.02,56.06,89731064.0,1615414,65536
20161011,56.3,56.98,55.81,56.6,90273448.0,1599941,65536
20161012,56.12,60.7,55.95,58.85,191736272.0,3249066,65536
20161013,58.69,62.0,58.69,60.96,215792288.0,3562952,65536
20161014,60.0,60.86,59.33,60.21,139884144.0,2331817,65536
20161017,60.3,60.94,58.02,58.15,120222632.0,2027223,65536
20161018,58.25,62.26,58.25,62.26,238241632.0,3922816,65536
20161019,62.0,62.7,61.2,61.8,208613168.0,3372822,65536
20161020,61.16,62.18,60.18,61.25,151945824.0,2479404,65536
20161021,61.01,66.77,60.8,64.8,371273984.0,5782611,65536
20161024,64.74,65.92,63.5,64.94,232219696.0,3596920,65536
20161025,64.26,68.1,63.52,66.22,283554496.0,4289814,65536
20161026,65.41,69.63,65.38,67.79,321853280.0,4765038,65536
20161027,67.0,71.17,67.0,70.35,394577408.0,5695438,65536
20161028,70.05,70.45,67.68,67.97,334177312.0,4848022,65536
20161031,67.63,69.5,66.51,67.72,235514416.0,3454025,65536
20161101,67.87,70.66,67.21,70.49,328398048.0,4733341,65536
20161102,70.0,70.0,67.0,67.46,304693888.0,4463674,65536
20161103,66.67,68.98,65.8,65.82,269256512.0,3989159,65536
20161104,66.48,67.12,65.81,66.5,178232896.0,2683937,65536
20161107,67.51,69.79,66.89,67.04,212139008.0,3108184,65536
20161108,67.2,68.5,65.85,67.79,178186848.0,2656152,65536
20161109,67.75,68.86,65.96,68.13,235965952.0,3489689,65536
20161110,68.86,70.27,68.3,68.97,305041536.0,4407136,65536
20161111,68.82,69.55,67.0,67.42,222205600.0,3263597,65536
20161114,66.88,71.29,66.88,70.37,389909248.0,5593510,65536
20161115,69.65,69.99,67.78,68.83,195881952.0,2851636,65536
20161116,68.61,69.3,66.98,67.0,142512528.0,2098700,65536
20161117,66.4,66.4,63.22,63.68,192033280.0,2975983,65536
20161118,70.05,70.05,70.05,70.05,64177708.0,916170,65536
20161121,77.06,77.06,77.06,77.06,36680560.0,476000,65536
20161122,84.77,84.77,84.77,84.77,145358928.0,1714745,65536
20161123,89.71,93.25,89.13,93.25,1596473344.0,17495892,65536
20161124,91.29,93.99,89.2,93.6,1201793920.0,13105510,65536
20161125,93.5,96.0,89.5,89.86,967471104.0,10425743,65536
20161128,87.69,88.9,83.01,84.15,764336768.0,8872839,65536
20161129,84.8,91.32,84.5,87.5,931568064.0,10599804,65536
20161130,84.85,88.78,83.01,86.94,602153792.0,6970461,65536
20161201,86.99,95.63,85.58,91.6,1142931584.0,12318197,65536
20170322,82.44,89.75,82.44,86.76,987155904.0,11618610,65536
20170323,89.5,95.0,83.02,85.11,1155654400.0,12743309,65536
20170324,83.29,83.29,76.6,76.6,801358336.0,10203362,65536
20170327,75.1,77.58,73.08,73.81,428641664.0,5712149,65536
20170328,74.3,75.45,72.13,72.44,375294176.0,5100750,65536
20170329,73.0,74.29,71.43,73.17,354149120.0,4853266,65536
20170330,72.68,72.75,65.85,65.85,455030816.0,6726738,65536
20170331,65.0,66.36,63.53,63.7,268787136.0,4159868,65536
20170405,62.0,64.09,61.02,64.0,208659920.0,3328142,65536
20170406,63.39,64.9,63.0,63.53,205246416.0,3211604,65536
20170407,63.49,63.49,59.49,59.98,303045088.0,4953060,65536
20170410,57.0,58.99,53.98,53.98,307408544.0,5520381,65536
20170411,54.28,55.9,53.91,55.48,225753936.0,4113663,65536
20170412,56.08,56.08,53.0,53.99,170770720.0,3119424,65536
20170413,54.11,55.48,54.11,54.71,124425752.0,2268055,65536
20170414,54.13,58.59,54.13,57.19,322638432.0,5663999,65536
20170417,55.3,55.31,52.01,53.03,174927952.0,3289538,65536
20170418,53.0,54.3,52.11,52.3,112710192.0,2115800,65536
20170419,51.38,53.77,50.41,53.47,138827344.0,2654694,65536
20170420,53.0,53.5,50.2,52.2,152937344.0,2951159,65536
20170421,52.18,52.5,49.75,49.88,107851648.0,2123300,65536
20170424,49.67,49.74,45.58,46.3,108667456.0,2304823,65536
20170425,46.8,47.97,46.71,46.73,95970400.0,2035011,65536
20170426,46.8,49.47,46.76,48.15,151530640.0,3147076,65536
20170427,47.57,50.46,47.51,49.54,166402384.0,3403845,65536
20170428,49.39,50.45,48.76,49.27,104550160.0,2107599,65536
20170502,48.93,50.4,48.93,49.5,74494128.0,1499400,65536
20170503,49.58,52.0,49.54,51.64,163461136.0,3201211,65536
20170504,53.0,56.8,52.1,56.8,279691264.0,5090866,65536
20170505,60.0,62.48,58.8,62.48,496580352.0,8021647,65536
20170508,63.5,64.2,56.23,57.35,458606432.0,7594341,65536
20170509,51.62,54.75,51.62,54.0,397918656.0,7583784,65536
20170510,53.0,59.4,52.08,59.4,520940608.0,9037492,65536
20170511,27.0,28.6,26.51,28.06,451035968.0,16373272,65536
20170512,27.81,30.12,27.81,29.28,513208000.0,17566820,65536
20170515,28.7,30.89,27.01,30.85,523716032.0,18033668,65536
20170516,29.79,33.94,29.63,33.75,823538368.0,25255862,65536
20170517,32.7,33.5,31.9,33.01,708519808.0,21669580,65536
20170518,32.01,32.86,29.71,29.71,492607968.0,15672048,65536
20170519,29.8,31.3,28.08,31.17,500738144.0,16744788,65536
20170522,30.35,30.99,28.88,29.18,279158048.0,9275600,65536
20170523,28.89,30.36,27.79,29.22,301376096.0,10243245,65536
20170524,28.66,30.58,28.38,30.56,329729888.0,11023923,65536
20170525,30.56,31.33,29.5,30.71,368921856.0,12126608,65536
20170526,30.26,31.2,29.94,30.0,286247776.0,9414753,65536
20170531,30.4,30.76,27.0,27.29,362947712.0,12514042,65536
20170601,26.26,26.9,24.56,24.56,249262288.0,9900259,65536
20170602,23.65,24.97,22.13,24.16,200804592.0,8518816,65536
20170605,24.25,24.5,23.81,24.13,132443832.0,5468100,65536
20170606,23.81,24.1,23.1,23.24,141660832.0,6044406,65536
20170607,23.76,25.56,23.43,25.56,334262144.0,13285038,65536
20170608,26.0,27.2,25.88,26.69,427616032.0,16161772,65536
20170609,26.2,26.47,25.6,26.08,225830272.0,8700478,65536
20170612,25.56,25.56,24.2,24.39,193535280.0,7784465,65536
20170613,24.39,25.5,24.16,25.27,175971632.0,6999791,65536
20170614,25.02,25.95,24.62,25.78,223991600.0,8831850,65536
20170615,25.7,26.98,25.42,26.24,303396544.0,11471590,65536
20170616,26.24,27.8,25.6,26.49,281865280.0,10638192,65536
20170619,26.3,26.75,25.8,26.15,171231776.0,6536304,65536
20170620,26.22,26.55,25.51,25.54,185705904.0,7146388,65536
20170621,25.6,25.8,24.61,25.73,172853328.0,6874862,65536
20170622,25.82,26.28,24.7,24.74,192368576.0,7496308,65536
20170623,24.13,24.8,23.53,24.38,141635184.0,5855842,65536
20170626,24.3,24.98,23.9,24.63,119181056.0,4853114,65536
20170627,24.71,25.4,24.58,24.79,103965248.0,4160600,65536
20170628,24.55,24.99,24.03,24.04,94647656.0,3877732,65536
20170629,23.95,24.49,23.91,24.18,74201848.0,3056416,65536
20170630,23.99,24.38,23.99,24.19,62236940.0,2568915,65536
20170703,24.4,24.4,24.04,24.28,55262936.0,2283637,65536
20170704,24.2,24.99,24.07,24.78,111005336.0,4518169,65536
20170705,24.63,24.98,24.5,24.93,94637968.0,3823453,65536
20170706,25.03,25.19,24.15,24.6,104296120.0,4231514,65536
20170707,24.61,24.63,24.22,24.41,77701800.0,3178814,65536
20170710,24.27,24.4,23.4,23.5,113857984.0,4799392,65536
20170711,23.5,23.79,22.55,22.61,94385624.0,4090378,65536
20170712,22.61,22.82,21.3,22.71,115844280.0,5237732,65536
20170713,22.5,22.64,21.86,22.03,79173104.0,3564300,65536
20170714,21.92,22.39,21.67,22.14,64522408.0,2919864,65536
20170717,21.72,21.97,19.93,19.93,97543856.0,4774289,65536
20170718,19.6,19.88,18.45,19.56,83949528.0,4353964,65536
20170719,19.47,19.62,18.8,19.62,75620120.0,3935210,65536
20170720,19.64,19.98,19.19,19.2,73305928.0,3743234,65536
20170721,19.21,19.91,19.21,19.46,70896776.0,3622270,65536
20170724,19.17,20.81,18.61,20.19,137756976.0,6977920,65536
20170725,19.72,20.5,19.7,20.09,94193312.0,4673362,65536
20170726,20.09,20.19,19.21,19.42,69644592.0,3537644,65536
20170727,19.5,20.69,19.5,20.26,121389256.0,6035281,65536
20170728,20.23,20.23,19.68,19.8,73688120.0,3697323,65536
20170731,19.77,19.95,19.51,19.59,48935000.0,2487641,65536
20170801,19.63,19.79,19.3,19.52,51730888.0,2660004,65536
20170802,19.53,19.53,18.91,18.98,56746496.0,2958418,65536
20170803,19.0,19.52,18.94,19.22,54200256.0,2812239,65536
20170804,19.35,21.14,19.19,21.14,135135936.0,6558891,65536
20170807,21.58,22.76,21.3,22.2,324405600.0,14713888,65536
20170808,22.01,22.01,21.21,21.54,173639920.0,8063140,65536
20170809,21.27,21.35,20.81,21.21,131230624.0,6226186,65536
20170810,21.05,21.24,20.56,20.83,101438088.0,4866299,65536
20170811,20.4,20.72,20.12,20.23,75983880.0,3710100,65536
20170814,19.97,20.95,19.97,20.84,78485816.0,3807130,65536
20170815,20.75,21.95,20.55,21.44,158186432.0,7377460,65536
20170816,21.16,21.65,21.12,21.4,105871056.0,4959190,65536
20170817,21.32,21.49,20.87,21.32,93637336.0,4408386,65536
20170818,21.2,21.2,20.66,20.81,67005432.0,3202426,65536
20170821,20.82,21.64,20.81,21.6,87210368.0,4111365,65536
20170822,21.49,21.6,20.86,20.94,75160624.0,3551798,65536
20170823,21.05,21.38,20.82,21.02,52571280.0,2497846,65536
20170824,20.95,21.66,20.61,20.98,84214816.0,4003866,65536
20170825,20.83,21.28,20.7,21.08,66638356.0,3163800,65536
20170828,21.09,21.65,21.09,21.53,117118128.0,5475681,65536
20170829,21.35,22.2,21.16,21.85,187394848.0,8630518,65536
20170830,21.77,21.84,21.5,21.54,82862008.0,3828876,65536
20170831,21.43,22.13,21.41,21.93,117132744.0,5343740,65536
20170901,22.0,22.13,21.74,21.94,79947040.0,3656938,65536
20170904,21.9,21.94,21.59,21.74,75528024.0,3481845,65536
20170905,21.7,22.39,21.65,21.8,104034944.0,4722762,65536
20170906,21.69,21.87,21.3,21.67,82190376.0,3819740,65536
20170907,21.76,23.84,21.63,23.84,172448032.0,7387300,65536
20170908,23.98,25.06,23.8,24.16,513999040.0,21093654,65536
20170911,23.48,24.08,23.17,23.97,217784416.0,9205268,65536
20170912,23.65,23.84,22.9,23.1,196914000.0,8439733,65536
20170913,23.0,23.73,23.0,23.37,117784272.0,5028738,65536
20170914,23.25,23.49,23.04,23.49,102692968.0,4423196,65536
20170915,23.52,23.57,23.07,23.2,70759600.0,3047555,65536
20170918,23.28,23.29,22.81,23.02,67294344.0,2930044,65536
20170919,23.14,23.66,23.04,23.62,134465392.0,5748696,65536
20170920,23.64,23.86,23.22,23.4,96714184.0,4130152,65536
20170921,23.4,23.7,23.03,23.1,79853432.0,3431452,65536
20170922,23.0,23.12,22.2,22.29,89336760.0,3976152,65536
20170925,22.32,22.99,21.79,22.61,92607016.0,4126800,65536
20170926,22.12,22.78,22.12,22.25,54283372.0,2431100,65536
20170927,22.23,22.47,22.0,22.28,37673532.0,1689000,65536
20170928,22.5,23.4,22.3,22.64,119010928.0,5187770,65536
20170929,22.49,23.15,22.0,23.1,92874544.0,4112845,65536
20171009,23.5,23.5,22.85,23.1,79801504.0,3460202,65536
20171010,23.08,24.97,22.9,24.01,216830464.0,9035856,65536
20171011,23.95,24.02,23.52,23.88,119152328.0,5021011,65536
20171012,23.7,24.05,23.21,23.4,91455352.0,3870143,65536
20171013,23.21,24.63,23.14,23.82,138342288.0,5757943,65536
20171016,23.46,23.68,22.4,22.54,116157984.0,5048900,65536
20171017,22.33,22.76,22.03,22.33,53556152.0,2390959,65536
20171018,22.41,22.8,22.09,22.33,41738696.0,1859600,65536
20171019,22.32,22.53,21.3,21.3,62730972.0,2883100,65536
20171020,21.12,21.46,21.12,21.38,37014516.0,1737050,65536
20171023,21.32,21.56,21.0,21.43,40093516.0,1883500,65536
20171024,21.46,21.46,20.81,21.05,33974836.0,1609502,65536
20171025,21.15,21.44,21.02,21.3,35063456.0,1650600,65536
20171026,21.3,21.74,21.3,21.59,42661624.0,1982744,65536
20171027,21.54,21.75,21.34,21.37,29441704.0,1370502,65536
20171030,21.3,21.3,19.8,19.96,65332276.0,3237029,65536
20171031,19.91,20.25,19.6,20.18,27294048.0,1361500,65536
20171101,20.1,20.35,19.99,20.0,28807670.0,1428100,65536
20171102,20.0,20.14,19.52,19.76,31895288.0,1608300,65536
20171103,19.82,19.97,19.35,19.46,33161886.0,1692300,65536
20171106,19.46,19.65,19.24,19.61,25468914.0,1308300,65536
20171107,19.51,21.32,19.27,20.35,67252880.0,3335599,65536
20171108,20.1,20.38,20.04,20.08,40298456.0,1996600,65536
20171109,19.9,20.24,19.9,20.08,24751352.0,1233102,65536
20171110,20.11,20.35,19.92,19.93,30631076.0,1523602,65536
20171113,19.93,20.18,19.63,19.76,30643036.0,1540000,65536
20171114,19.74,19.83,19.37,19.42,29878564.0,1533900,65536
20171115,19.2,19.2,18.51,18.8,39325548.0,2098801,65536
20171116,18.9,19.0,18.65,18.94,23788240.0,1261750,65536
20171117,18.89,18.9,17.18,17.24,52751000.0,2969612,65536
20171120,17.19,17.2,15.75,16.78,34566852.0,2097601,65536
20171121,16.78,16.93,16.14,16.49,25151244.0,1515100,65536
20171122,16.76,16.89,16.35,16.64,24459838.0,1468627,65536
20171123,16.71,16.72,16.0,16.0,26844010.0,1647700,65536
20171124,16.0,16.47,15.62,16.3,23738062.0,1460775,65536
20171127,16.18,16.68,15.95,16.19,20067730.0,1241200,65536
20171128,16.03,16.42,16.03,16.35,19499208.0,1199248,65536
20171129,16.34,16.4,16.08,16.31,20366420.0,1255148,65536
20171130,16.34,16.6,16.2,16.52,20817840.0,1274248,65536
20171201,16.49,16.9,16.4,16.62,31288254.0,1876601,65536
20171204,16.6,16.6,15.75,15.75,24281852.0,1502201,65536
20171205,15.74,15.95,14.63,14.72,34540060.0,2269000,65536
20171206,14.7,15.49,14.55,15.24,30725552.0,2044800,65536
20171207,15.2,15.6,15.06,15.27,20098298.0,1312600,65536
20171208,15.52,15.68,15.33,15.49,21543598.0,1385300,65536
20171211,15.65,15.89,15.5,15.73,16510692.0,1051600,65536
20171212,15.9,15.9,15.56,15.63,20145848.0,1282196,65536
20171213,15.2,15.87,15.2,15.86,20325236.0,1297831,65536
20171214,15.9,15.98,15.62,15.9,17120540.0,1082300,65536
20171215,15.81,17.4,15.76,16.4,58747372.0,3512831,65536
20171218,16.25,16.27,15.81,16.0,24878172.0,1546500,65536
20171219,15.96,16.34,15.83,16.12,16900192.0,1048529,65536
20171220,16.12,16.19,15.42,15.5,22754436.0,1446500,65536
20171221,15.53,15.64,15.05,15.3,16570854.0,1083600,65536
20171222,15.2,15.45,15.17,15.25,8891143.0,580400,65536
20171225,15.2,15.38,15.05,15.37,13657109.0,899900,65536
20171226,15.36,15.64,15.2,15.57,18235644.0,1182100,65536
20171227,15.52,16.36,15.52,15.82,38482692.0,2410400,65536
20171228,15.74,16.98,15.51,16.4,49155052.0,2994100,65536
20171229,16.32,16.33,16.02,16.11,26343742.0,1634769,65536
20180102,16.15,16.46,16.1,16.14,22700734.0,1401100,65536
20180103,16.14,16.29,15.81,16.24,32062416.0,1994000,65536
20180104,16.24,16.32,15.92,15.95,21729622.0,1355931,65536
20180105,16.02,16.12,15.84,15.9,19557962.0,1227000,65536
20180108,15.89,15.89,15.53,15.73,21445892.0,1368600,65536
20180109,15.8,16.61,15.63,16.2,47296640.0,2919802,65536
20180110,16.07,16.07,15.54,15.67,30143140.0,1902200,65536
20180111,15.63,16.23,15.35,15.97,30373096.0,1916400,65536
20180112,15.94,16.19,15.72,15.83,20186744.0,1263800,65536
20180115,15.7,15.7,15.15,15.17,28673038.0,1866400,65536
20180116,15.1,15.53,14.9,15.42,21025896.0,1374702,65536
20180117,15.4,15.4,14.91,15.3,20448404.0,1348300,65536
20180118,15.15,15.8,15.15,15.6,27738912.0,1794400,65536
20180119,15.58,16.67,15.5,16.4,85620936.0,5297002,65536
20180122,16.1,16.8,15.89,16.46,100137776.0,6085102,65536
20180123,16.2,17.95,16.15,17.3,158567408.0,9207669,65536
20180124,17.0,17.3,16.7,17.2,93448888.0,5505171,65536
20180125,17.0,17.19,16.4,16.4,81550976.0,4871216,65536
20180126,16.24,16.53,16.24,16.47,29985264.0,1824300,65536
20180129,16.4,16.58,15.82,15.94,35559840.0,2199300,65536
20180130,15.99,15.99,15.4,15.56,33079736.0,2119500,65536
20180131,15.53,15.53,14.85,14.95,32203588.0,2134902,65536
20180201,14.77,15.08,13.55,13.6,35224520.0,2455300,65536
20180202,13.46,13.66,13.0,13.3,26509784.0,1988002,65536
20180205,12.91,13.43,12.83,12.86,25610648.0,1974900,65536
20180206,12.69,12.69,11.57,11.57,36160608.0,3014200,65536
20180207,11.8,12.0,10.88,11.4,30359434.0,2649800,65536
20180208,11.49,11.94,11.42,11.78,24750862.0,2109500,65536
20180209,11.46,11.8,11.06,11.36,21826908.0,1903400,65536
20180212,11.36,12.0,11.36,11.84,23270132.0,1978702,65536
20180213,11.93,11.97,11.68,11.69,17956070.0,1520800,65536
20180214,11.67,11.84,11.51,11.8,11877088.0,1015771,65536
20180222,11.82,12.16,11.82,12.0,14626205.0,1216900,65536
20180223,12.07,12.16,11.92,12.08,11539769.0,959300,65536
20180226,12.15,12.65,12.06,12.41,28458096.0,2292300,65536
20180227,12.24,12.7,12.24,12.7,30886320.0,2470600,65536
20180228,12.55,13.39,12.3,12.87,42410268.0,3312600,65536
20180301,12.5,13.05,12.41,12.88,33330566.0,2603300,65536
20180302,12.88,13.55,12.72,13.36,71036088.0,5347021,65536
20180305,13.4,14.7,13.21,14.7,162856160.0,11291723,65536
20180306,14.73,14.73,14.1,14.34,134924704.0,9386723,65536
20180307,14.2,14.22,13.81,14.02,75148032.0,5363102,65536
20180308,14.0,14.1,13.81,14.09,58154936.0,4151540,65536
20180309,13.92,14.35,13.86,14.2,71660112.0,5089257,65536
20180312,14.19,15.29,14.05,14.44,100428280.0,6858759,65536
20180313,14.33,15.88,14.31,15.88,246621152.0,15892850,65536
20180314,15.39,15.64,15.0,15.25,159729840.0,10467900,65536
20180315,15.0,15.06,14.6,14.9,86008016.0,5802738,65536
20180316,15.1,15.52,14.92,15.41,128500912.0,8383562,65536
20180319,15.15,15.3,14.6,15.3,66129408.0,4420469,65536
20180320,15.01,15.1,14.65,14.92,57484516.0,3861188,65536
20180321,14.95,15.4,14.67,14.7,63841748.0,4236100,65536
20180322,14.55,14.86,14.39,14.5,43020292.0,2953419,65536
20180323,13.86,13.86,13.05,13.05,68964264.0,5173800,65536
20180326,12.3,13.0,11.81,12.87,41786196.0,3342514,65536
20180327,12.94,13.44,12.94,13.25,44776820.0,3385514,65536
20180328,13.0,13.8,12.9,13.41,45242788.0,3360314,65536
20180329,13.56,13.94,13.42,13.72,43773832.0,3201669,65536
20180330,13.72,14.85,13.52,14.27,69235280.0,4834232,65536
20180402,14.61,15.0,14.15,14.5,87688056.0,5991850,65536
20180403,14.15,14.98,13.8,14.65,69818648.0,4839814,65536
20180404,14.46,14.85,13.88,13.98,53932884.0,3749313,65536
20180409,13.67,14.16,13.56,13.82,33802280.0,2436800,65536
20180410,13.92,14.28,13.23,13.77,38427312.0,2783400,65536
20180411,13.86,14.5,13.86,14.4,53828484.0,3796483,65536
20180412,14.45,15.84,14.23,14.8,136314944.0,9058650,65536
20180413,14.54,15.5,14.5,14.95,105372576.0,7044667,65536
20180416,14.72,14.81,14.17,14.73,58515668.0,4052988,65536
20180417,14.79,15.49,14.74,15.08,120623640.0,7965925,65536
20180418,15.0,15.25,14.11,14.9,88070352.0,5970517,65536
20180419,14.95,15.8,14.91,15.55,156687824.0,10199806,65536
20180420,15.41,15.41,14.5,14.5,89442384.0,5985581,65536
20180423,14.86,14.86,13.2,13.55,64392600.0,4627800,65536
20180424,13.43,14.15,13.08,14.07,49694508.0,3612103,65536
20180425,13.89,14.28,13.89,14.14,45021220.0,3190469,65536
20180426,14.22,14.3,13.46,13.48,39291104.0,2864651,65536
20180427,13.5,14.83,13.42,14.83,118694488.0,8140158,65536
20180502,15.04,16.31,15.0,16.31,386016672.0,24056931,65536
20180503,16.65,17.94,16.34,17.94,159350368.0,9222642,65536
20180504,19.02,19.73,18.8,19.73,519703488.0,26541948,65536
20180507,21.7,21.7,21.7,21.7,156182928.0,7197370,65536
20180508,23.87,23.87,23.87,23.87,43916024.0,1839800,65536
20180511,26.26,26.26,26.0,26.26,385564128.0,14683602,65536
20180514,26.0,26.85,24.3,24.8,880274944.0,34627818,65536
20180515,25.87,27.28,25.25,27.28,847310080.0,31871879,65536
20180516,24.71,26.6,24.71,25.5,863347776.0,33925972,65536
20180517,24.11,25.4,23.16,24.98,634097856.0,26377555,65536
20180518,24.1,27.48,23.8,27.48,1051261440.0,40070054,65536
20180521,27.37,30.23,25.48,30.23,799152000.0,29196129,65536
20180522,29.0,31.74,28.05,29.0,1121350016.0,37659731,65536
20180523,27.6,28.47,26.11,26.25,734497088.0,26937827,65536
20180524,25.5,26.78,25.1,26.18,492887520.0,19070433,65536
20180525,25.75,26.3,24.62,24.95,389220288.0,15396735,65536
20180528,25.12,25.4,24.32,24.68,272900160.0,10933406,65536
20180529,25.01,25.85,24.06,24.67,376643552.0,15112135,65536
20180530,23.8,24.99,23.21,23.58,324410528.0,13451048,65536
20180531,23.84,24.2,22.88,23.85,307169280.0,13030778,65536
20180601,23.48,23.9,21.57,21.93,289214592.0,12756402,65536
20180604,22.2,22.55,21.63,21.84,185477856.0,8397700,65536
20180605,21.95,22.94,21.9,22.4,258678752.0,11542700,65536
20180606,22.66,23.23,22.15,22.8,277779840.0,12229537,65536
20180607,22.88,23.12,22.31,22.38,219216832.0,9690500,65536
20180608,22.07,22.88,21.76,22.43,208758848.0,9289718,65536
20180611,22.1,22.8,22.06,22.43,154291440.0,6862633,65536
20180612,22.43,22.55,20.21,21.33,210663088.0,9876402,65536
20180613,21.27,22.08,21.0,21.5,235082048.0,10923931,65536
20180614,21.0,21.7,20.31,21.35,163548992.0,7740171,65536
20180615,21.17,21.43,20.05,20.26,131179136.0,6345321,65536
20180619,19.93,21.19,18.7,19.6,183956416.0,9053120,65536
20180620,20.12,20.68,19.61,20.42,191894448.0,9493996,65536
20180621,19.99,20.28,19.08,19.82,170823760.0,8644020,65536
20180622,19.3,20.84,19.3,20.16,167769776.0,8319888,65536
20180625,20.98,21.3,20.25,20.32,288912288.0,13957552,65536
20180626,19.36,21.23,19.3,20.7,288062208.0,14007245,65536
20180627,20.68,21.95,20.33,21.38,376878016.0,17899852,65536
20180628,20.97,21.35,19.35,19.8,265041152.0,12800343,65536
20180629,19.9,20.68,19.38,20.47,191016000.0,9455571,65536
20180702,20.74,21.34,20.02,20.4,190361328.0,9216321,65536
20180703,20.3,22.44,20.11,22.44,361669760.0,16846558,65536
20180704,23.22,24.68,22.98,24.68,790410816.0,32813659,65536
20180705,23.69,24.0,22.21,22.21,488821760.0,21193141,65536
20180706,21.89,22.5,20.26,21.31,398189888.0,18657674,65536
20180709,21.04,23.44,20.94,23.44,523603776.0,23048958,65536
20180710,23.16,24.14,22.7,24.05,578766336.0,24635653,65536
20180711,23.08,23.28,21.71,22.94,332336256.0,14615487,65536
20180712,23.06,23.75,23.01,23.24,322738816.0,13856104,65536
20180713,22.9,23.43,22.11,22.38,230855408.0,10185774,65536
20180716,22.41,22.84,22.13,22.28,136410240.0,6059700,65536
20180717,22.01,24.14,21.5,23.5,351164960.0,15398258,65536
20180718,23.2,23.49,22.6,22.6,217396800.0,9450900,65536
20180719,22.22,23.98,22.21,23.21,375911968.0,16020833,65536
20180720,22.86,23.88,22.32,23.77,307723136.0,13340930,65536
20180723,23.5,24.5,23.31,23.33,314305088.0,13238444,65536
20180724,23.44,24.27,22.7,24.26,326792768.0,13853760,65536
20180725,23.82,24.46,23.58,23.81,302578624.0,12637125,65536
20180726,23.4,23.79,23.0,23.03,183341280.0,7891289,65536
20180727,22.85,22.85,20.73,20.73,295713344.0,13937244,65536
20180730,20.0,20.34,19.08,19.43,146882208.0,7452854,65536
20180731,19.39,19.76,18.79,19.09,98510024.0,5112014,65536
20180801,19.09,19.38,18.13,18.21,125276424.0,6714210,65536
20180802,18.05,18.05,16.66,17.39,132790952.0,7697094,65536
20180803,17.43,17.43,16.31,16.41,101924848.0,6041974,65536
20180806,17.07,17.27,16.15,16.53,110118536.0,6525018,65536
20180807,16.27,17.0,16.27,16.9,93765272.0,5600268,65536
20180808,16.71,16.92,15.6,16.01,98914592.0,6051138,65536
20180809,16.33,16.9,16.08,16.53,96624216.0,5838600,65536
20180810,16.84,17.1,16.52,16.88,97864008.0,5835224,65536
20180813,16.67,17.71,16.51,17.64,147648768.0,8628428,65536
20180814,17.64,17.64,17.2,17.33,103548584.0,5965118,65536
20180815,17.37,17.43,16.61,16.68,75944344.0,4475210,65536
20180816,16.26,17.05,16.14,16.62,77803984.0,4646910,65536
20180817,17.2,17.3,15.9,16.14,74956808.0,4509190,65536
20180820,16.07,16.45,15.61,16.32,65488592.0,4071850,65536
20180821,16.64,16.72,16.34,16.49,61768992.0,3736690,65536
20180822,16.75,17.39,16.6,16.73,114242480.0,6736190,65536
20180823,16.35,16.65,16.07,16.55,80490640.0,4895290,65536
20180824,16.48,16.48,16.02,16.13,65743052.0,4062390,65536
20180827,16.24,16.47,16.06,16.45,69867216.0,4293790,65536
20180828,16.36,16.65,16.3,16.34,68587896.0,4170714,65536
20180829,16.3,16.3,15.94,15.95,57183664.0,3559914,65536
20180830,15.97,16.18,15.7,15.7,54944972.0,3456600,65536
20180831,15.58,15.78,14.98,15.05,60123936.0,3930010,65536
20180903,15.04,15.25,14.54,15.19,61030780.0,4094700,65536
20180904,15.18,15.46,15.02,15.31,51346856.0,3360010,65536
20180905,15.47,15.63,14.81,14.92,57961592.0,3795000,65536
20180906,14.82,15.25,14.82,15.04,45946856.0,3047223,65536
20180907,15.03,15.23,14.85,14.95,41744936.0,2774099,65536
20180910,14.95,15.75,14.44,15.54,140879952.0,9254700,65536
20180911,15.3,15.34,14.91,15.15,86379728.0,5716213,65536
20180912,15.14,15.3,15.0,15.2,54843856.0,3610400,65536
20180913,15.33,15.46,14.85,15.04,56617424.0,3754110,65536
20180914,15.0,15.13,14.42,14.48,55203776.0,3745400,65536
20180917,14.28,14.3,13.68,13.8,49127992.0,3543029,65536
20180918,13.79,14.12,13.69,14.12,43018604.0,3083824,65536
20180919,14.0,15.53,14.0,15.53,72308720.0,4764227,65536
20180920,16.25,16.7,15.38,15.41,220352688.0,13741227,65536
20180921,15.42,15.55,14.9,15.29,103359352.0,6804224,65536
20180925,14.91,15.21,14.86,15.02,67560408.0,4498427,65536
20180926,15.04,16.52,15.0,15.8,154433408.0,9794100,65536
20180927,15.51,15.58,14.97,14.97,98942992.0,6491400,65536
20180928,14.9,15.36,14.9,15.14,53224352.0,3507112,65536
20181008,14.5,14.9,14.4,14.58,44268248.0,3022000,65536
20181009,14.86,14.9,14.61,14.77,36428736.0,2467300,65536
20181010,14.79,15.99,14.4,15.23,85004096.0,5560026,65536
20181011,14.5,14.7,13.76,13.83,67748152.0,4770500,65536
20181012,13.68,14.56,13.0,14.39,81995968.0,5956902,65536
20181015,14.24,14.4,13.87,13.99,53544640.0,3788800,65536
20181016,13.87,15.39,13.87,15.39,205571328.0,13656426,65536
20181017,15.57,16.93,15.57,16.93,326543968.0,20117496,65536
20181018,17.5,17.5,15.24,15.35,274837408.0,17096296,65536
20181019,14.79,16.89,14.49,16.89,309068032.0,19189594,65536
20181022,16.78,18.55,16.62,17.64,389808320.0,22254492,65536
20181023,17.03,17.49,16.95,17.1,219641216.0,12795548,65536
20181024,16.96,17.08,16.31,16.49,163577088.0,9863000,65536
20181025,15.7,16.97,15.6,16.85,161476288.0,9887400,65536
20181026,16.98,17.08,16.52,16.87,130812272.0,7777100,65536
20181029,16.9,16.91,16.01,16.15,90617976.0,5528300,65536
20181030,16.11,17.38,16.01,16.86,156493984.0,9337100,65536
20181031,16.8,17.06,16.4,16.88,127258512.0,7574800,65536
20181101,17.38,17.5,16.5,16.51,155466384.0,9138427,65536
20181102,16.62,16.78,16.42,16.73,124422208.0,7476851,65536
20181105,16.67,17.37,16.61,17.25,174322176.0,10201475,65536
20181106,17.1,17.2,16.71,17.16,103682528.0,6128317,65536
20181107,17.17,18.45,17.17,17.38,278112832.0,15664690,65536
20181108,17.38,18.3,16.9,18.13,270206368.0,15187902,65536
20181109,17.7,19.18,17.6,17.9,299446784.0,16326234,65536
20181112,17.5,18.3,17.27,18.18,189945696.0,10655634,65536
20181113,17.9,18.2,17.7,18.04,171634640.0,9540802,65536
20181114,18.0,18.13,17.6,17.72,123820568.0,6960600,65536
20181115,17.61,17.99,17.44,17.85,122864800.0,6940390,65536
20181116,17.95,18.47,17.8,17.93,184402720.0,10158100,65536
20181119,17.63,17.69,16.95,17.21,149456208.0,8620551,65536
20181120,17.08,17.73,16.82,17.13,129446248.0,7518400,65536
20181121,16.9,17.17,16.7,17.02,62057012.0,3653200,65536
20181122,17.09,17.48,16.98,17.22,81513000.0,4725317,65536
20181123,17.18,17.3,15.9,15.98,86141712.0,5206900,65536
20181126,15.9,16.21,15.03,15.25,69758848.0,4459600,65536
20181127,15.2,15.46,15.12,15.26,51547484.0,3374800,65536
20181128,15.38,15.8,14.65,15.57,66051020.0,4319624,65536
20181129,15.5,15.64,14.9,14.9,60337352.0,3955217,65536
20181130,14.93,15.14,14.54,15.03,42305764.0,2839300,65536
20181203,15.41,15.66,15.3,15.4,64756328.0,4181500,65536
20181204,15.53,15.64,15.37,15.56,46228272.0,2980900,65536
20181205,15.1,15.4,14.97,15.26,41625136.0,2735700,65536
20181206,15.43,15.95,15.4,15.47,71738872.0,4594224,65536
20181207,15.31,15.65,15.31,15.46,31919764.0,2060400,65536
20181210,15.49,15.49,15.04,15.07,34024352.0,2243937,65536
20181211,15.11,15.3,15.07,15.13,21076010.0,1390617,65536
20181212,15.25,15.26,15.07,15.14,24248680.0,1599600,65536
20181213,15.14,15.54,14.98,15.25,44486652.0,2914900,65536
20181214,15.2,15.33,14.6,14.65,41950152.0,2796600,65536
20181217,14.5,14.94,14.15,14.9,40786360.0,2787700,65536
20181218,14.76,15.09,14.69,15.04,32388616.0,2169000,65536
20181219,15.0,15.04,14.5,14.61,31044024.0,2107400,65536
20181220,14.52,14.96,14.52,14.82,25359374.0,1715300,65536
20181221,14.8,15.88,14.7,15.27,63307236.0,4182049,65536
20181224,15.55,15.8,15.33,15.43,72022872.0,4635949,65536
20181225,14.99,14.99,14.35,14.92,61849040.0,4198300,65536
20181226,14.76,15.04,14.76,14.79,30952124.0,2084700,65536
20181227,14.83,15.88,14.83,15.39,129652104.0,8393700,65536
20181228,15.16,15.45,15.11,15.19,66417692.0,4352500,65536
20190102,15.19,15.75,15.15,15.36,62674608.0,4063300,65536
20190103,15.23,15.5,14.9,14.9,57699820.0,3785600,65536
20190104,14.48,14.83,13.8,14.73,70534080.0,4907602,65536
20190107,14.9,15.49,14.82,15.33,80254760.0,5282715,65536
20190108,15.22,15.48,15.12,15.17,45137164.0,2963913,65536
20190109,15.18,15.41,14.92,14.93,58132868.0,3819113,65536
20190110,14.91,15.08,14.66,14.73,43108260.0,2903400,65536
20190111,14.72,14.93,14.64,14.9,29370062.0,1982502,65536
20190114,14.99,15.56,14.99,15.21,90276080.0,5884715,65536
20190115,15.15,15.98,14.71,15.41,95952352.0,6271610,65536
20190116,15.29,15.4,15.19,15.2,44986112.0,2949200,65536
20190117,15.04,15.35,14.8,15.01,44143372.0,2908700,65536
20190118,15.02,15.18,14.79,15.16,35499684.0,2371200,65536
20190121,15.18,15.24,14.91,15.07,25458016.0,1690115,65536
20190122,14.99,15.13,14.91,15.01,21585302.0,1438410,65536
20190123,15.02,15.25,15.02,15.25,31860686.0,2103911,65536
20190124,15.23,15.37,14.9,15.07,41238316.0,2720360,65536
20190125,14.99,15.68,14.92,15.15,60994380.0,4005811,65536
20190128,15.2,15.35,14.95,14.97,36225000.0,2393900,65536
20190129,14.83,15.03,14.15,14.42,38652860.0,2663111,65536
20190130,14.5,14.55,13.82,13.87,32473494.0,2304600,65536
20190131,13.8,14.1,13.0,13.29,34610508.0,2551000,65536
20190201,13.38,13.66,13.37,13.65,20077668.0,1480800,65536
20190211,13.73,14.14,13.69,14.09,22298108.0,1590200,65536
20190212,14.24,14.36,14.07,14.19,29089378.0,2045000,65536
20190213,14.24,14.54,14.18,14.46,40750136.0,2837300,65536
20190214,14.5,14.6,14.33,14.45,32925208.0,2276300,65536
20190215,14.36,14.96,14.35,14.56,52782508.0,3602449,65536
20190218,14.78,15.25,14.68,15.25,74128816.0,4942311,65536
20190219,15.2,15.44,14.81,15.24,88061544.0,5813578,65536
20190220,15.2,15.45,15.0,15.4,76575352.0,5017700,65536
20190221,15.98,16.94,15.7,15.81,218518016.0,13435567,65536
20190222,15.4,16.5,15.4,16.1,125457944.0,7919251,65536
20190225,16.26,16.83,15.96,16.66,178771216.0,10902086,65536
20190226,16.65,16.69,16.2,16.27,137017264.0,8342753,65536
20190227,16.22,16.4,15.67,15.91,97024776.0,6039900,65536
20190228,15.93,16.18,15.88,16.12,61605988.0,3835368,65536
20190301,16.39,16.39,15.93,16.15,49245956.0,3053400,65536
20190304,16.2,16.48,16.08,16.18,95403544.0,5860167,65536
20190305,16.03,16.64,16.01,16.6,122994968.0,7474022,65536
20190306,16.63,17.99,16.3,17.38,208474960.0,12162777,65536
20190307,17.06,17.6,17.0,17.37,160331264.0,9269300,65536
20190308,17.05,17.53,16.5,16.5,111728912.0,6587700,65536
20190311,16.48,17.07,16.48,17.01,82533720.0,4906800,65536
20190312,17.0,17.52,16.86,17.26,136287872.0,7927102,65536
20190313,17.3,17.55,16.91,17.04,113947368.0,6602300,65536
20190314,16.8,17.4,16.45,16.63,85085064.0,5050304,65536
20190315,16.69,17.49,16.69,16.98,98950768.0,5781700,65536
20190318,17.01,17.2,16.62,17.15,85352488.0,5036400,65536
20190319,17.22,17.22,16.81,16.94,76517312.0,4499852,65536
20190320,16.94,17.17,16.71,17.05,72971328.0,4305500,65536
20190321,17.11,17.15,16.83,16.96,72104952.0,4250800,65536
20190322,17.0,17.08,16.53,16.79,64592788.0,3855950,65536
20190325,16.46,16.85,16.29,16.5,50820176.0,3076100,65536
20190326,16.57,16.83,15.83,15.85,50604080.0,3121310,65536
20190327,16.18,16.27,15.88,16.13,41840532.0,2600500,65536
20190328,16.15,16.19,15.88,16.08,37064092.0,2303710,65536
20190329,16.15,16.58,16.08,16.58,56183432.0,3423824,65536
20190401,16.6,17.08,16.6,17.08,89143032.0,5263011,65536
20190402,16.68,16.7,16.35,16.49,94615112.0,5731111,65536
20190403,16.45,17.98,16.35,17.14,166594176.0,9754202,65536
20190404,17.14,17.14,16.82,16.9,100034744.0,5904711,65536
20190408,16.96,17.07,16.35,16.62,78418800.0,4686823,65536
20190409,16.62,17.01,16.45,16.69,64796568.0,3872100,65536
20190410,16.69,16.72,16.36,16.46,52384160.0,3178150,65536
20190411,16.46,16.54,16.0,16.08,47906640.0,2958213,65536
20190412,16.2,16.45,16.01,16.24,34391848.0,2122213,65536
20190415,16.5,16.56,16.04,16.05,40314344.0,2466500,65536
20190416,16.06,16.48,15.9,16.47,46547984.0,2864413,65536
20190417,16.42,16.78,16.36,16.62,65799964.0,3957250,65536
20190418,16.58,16.73,16.4,16.48,42381848.0,2565500,65536
20190419,16.47,16.52,16.11,16.34,47305596.0,2906552,65536
20190422,16.32,16.48,16.2,16.32,38287668.0,2341113,65536
20190423,16.3,16.32,15.8,15.89,47161916.0,2946800,65536
20190424,15.89,16.01,15.5,15.84,39055140.0,2489874,65536
20190425,15.78,15.96,15.41,15.48,37116048.0,2361901,65536
20190426,15.48,15.56,15.18,15.18,27811672.0,1814000,65536
20190429,15.15,16.28,14.01,15.83,88981512.0,5785500,65536
20190430,15.78,16.15,15.51,16.0,53726060.0,3385900,65536
20190506,16.1,16.26,14.6,14.75,78521136.0,5026377,65536
20190507,14.75,15.22,14.71,14.87,39227172.0,2626700,65536
20190508,14.66,15.05,14.11,14.51,35734588.0,2434600,65536
20190509,14.49,14.8,14.28,14.65,23170232.0,1587600,65536
20190510,15.52,15.52,14.45,15.1,40217856.0,2677624,65536
20190513,14.82,16.06,14.82,15.92,66731128.0,4314224,65536
20190514,15.66,16.15,15.41,15.45,59894932.0,3807801,65536
20190515,15.43,15.88,15.43,15.64,39758112.0,2537100,65536
20190516,15.6,15.97,15.36,15.9,45276628.0,2872100,65536
20190517,15.8,15.91,15.01,15.08,40248856.0,2600577,65536
20190520,15.03,15.19,14.6,14.93,24719068.0,1656300,65536
20190521,14.91,15.2,14.84,15.16,20044744.0,1327100,65536
20190522,15.04,15.26,15.03,15.18,23010864.0,1522200,65536
20190523,15.16,15.17,14.41,14.48,27704748.0,1883500,65536
20190524,14.44,14.66,14.36,14.37,13321936.0,918700,65536
20190527,14.15,14.75,14.15,14.61,21251668.0,1467317,65536
20190528,14.61,14.79,14.45,14.6,18926122.0,1293328,65536
20190529,14.5,14.67,14.3,14.53,15407681.0,1059500,65536
20190530,14.46,14.7,14.46,14.63,17087776.0,1171724,65536
20190531,14.65,14.65,14.4,14.44,16527191.0,1137200,65536
20190603,14.41,14.54,13.55,13.83,27209958.0,1940477,65536
20190604,13.79,13.88,13.23,13.36,18543638.0,1368877,65536
20190605,13.5,13.67,13.34,13.41,14104714.0,1045991,65536
20190606,13.46,13.55,13.0,13.55,22276702.0,1680200,65536
20190610,13.55,13.75,13.44,13.58,16367147.0,1203777,65536
20190611,13.58,13.93,13.51,13.88,24147238.0,1752900,65536
20190612,13.87,13.93,13.6,13.61,17425374.0,1267700,65536
20190613,13.58,13.75,13.5,13.64,12061130.0,885600,65536
20190614,13.59,13.83,13.32,13.32,16441883.0,1207277,65536
20190617,13.47,14.65,13.35,13.95,52358048.0,3684700,65536
20190618,13.85,14.08,13.53,13.82,31577332.0,2303900,65536
20190619,13.92,15.1,13.92,14.2,43162448.0,2997900,65536
20190620,14.14,14.58,14.14,14.3,40124376.0,2795700,65536
20190621,14.28,14.53,14.26,14.38,36870100.0,2563900,65536
20190624,14.28,14.43,14.21,14.27,16102047.0,1127400,65536
20190625,14.22,14.33,14.05,14.15,18545324.0,1312302,65536
20190626,14.16,14.35,13.9,14.2,13629755.0,957900,65536
20190627,14.25,14.53,14.12,14.19,18599144.0,1301000,65536
20190628,14.24,14.35,14.0,14.25,18264504.0,1285100,65536
20190701,14.5,14.75,14.32,14.5,30475688.0,2098700,65536
20190702,14.5,14.5,14.2,14.32,19400280.0,1353682,65536
20190703,14.25,14.27,14.01,14.09,14956027.0,1061600,65536
20190704,14.07,14.25,14.07,14.15,11868427.0,838400,65536
20190705,14.03,14.23,14.03,14.14,8950852.0,632900,65536
20190708,14.09,14.14,13.59,13.63,18436738.0,1332699,65536
20190709,13.58,13.78,13.54,13.64,10185931.0,747200,65536
20190710,13.74,14.05,13.64,13.81,13979091.0,1009082,65536
20190711,13.74,13.99,13.71,13.74,9349754.0,674082,65536
20190712,13.76,13.87,13.58,13.75,8559334.0,622100,65536
20190715,13.59,13.85,13.51,13.8,10858859.0,792500,65536
20190716,13.82,13.99,13.71,13.94,14163724.0,1021400,65536
20190717,13.96,13.99,13.81,13.86,13146248.0,946482,65536
20190718,13.86,13.86,13.61,13.68,10530690.0,770300,65536
20190719,13.7,13.85,13.62,13.66,11664466.0,850000,65536
20190722,13.68,13.79,13.15,13.21,16955480.0,1264950,65536
20190723,13.28,13.36,13.2,13.32,7430126.0,559300,65536
20190724,13.26,13.49,13.26,13.38,9197925.0,686300,65536
20190725,13.38,13.43,13.3,13.4,8182186.5,612450,65536
20190726,13.43,13.43,13.19,13.24,9136751.0,687500,65536
20190729,13.36,14.3,13.36,13.82,34279108.0,2470430,65536
20190730,13.54,13.82,13.54,13.75,21199964.0,1549800,65536
20190731,13.64,13.68,13.55,13.61,10212042.0,750900,65536
20190801,13.58,13.58,13.34,13.43,12318417.0,916050,65536
20190802,13.19,13.29,13.1,13.18,12852855.0,973950,65536
20190805,13.21,13.81,13.21,13.42,21016924.0,1556800,65536
20190806,13.47,13.47,12.75,12.9,21552628.0,1657234,65536
20190807,12.9,13.06,12.62,12.64,11490770.0,896800,65536
20190808,12.62,12.77,12.61,12.72,12017629.0,946900,65536
20190809,12.72,12.78,12.58,12.6,8525476.0,672100,65536
20190812,12.76,12.8,12.63,12.78,7569489.0,595184,65536
20190813,12.73,12.74,12.62,12.69,6468962.0,510050,65536
20190814,12.76,12.99,12.76,12.78,10169394.0,790200,65536
20190815,12.53,12.81,12.43,12.81,10784106.0,857250,65536
20190816,12.81,12.93,12.71,12.77,7281613.0,567900,65536
20190819,12.77,13.47,12.77,13.25,27485608.0,2084434,65536
20190820,13.19,13.36,13.19,13.21,14541162.0,1098500,65536
20190821,13.15,13.32,13.15,13.26,7668647.0,579500,65536
20190822,13.33,13.33,13.15,13.22,8969406.0,677615,65536
20190823,13.22,13.32,13.17,13.24,7694034.0,581200,65536
20190826,12.9,13.85,12.9,13.6,37762588.0,2790834,65536
20190827,13.6,13.76,13.47,13.62,22041814.0,1618150,65536
20190828,13.62,13.64,13.5,13.5,11136642.0,821934,65536
20190829,13.49,13.56,13.35,13.42,13849010.0,1031700,65536
20190830,13.46,13.58,13.17,13.36,17676786.0,1317600,65536
20190902,13.36,13.71,13.36,13.65,23654040.0,1741100,65536
20190903,13.65,13.76,13.56,13.62,16002046.0,1174400,65536
20190904,13.62,13.76,13.6,13.76,17190858.0,1256700,65536
20190905,13.8,13.98,13.7,13.79,25032032.0,1805300,65536
20190906,13.79,13.98,13.79,13.93,19782098.0,1423670,65536
20190909,14.1,14.13,13.8,13.99,32180334.0,2309022,65536
20190910,13.99,13.99,13.8,13.88,18670148.0,1346200,65536
20190911,13.95,13.98,13.83,13.84,13679935.0,985100,65536
20190912,13.81,14.06,13.81,13.86,20650140.0,1484000,65536
20190916,13.95,14.02,13.85,13.9,18037384.0,1292700,65536
20190917,13.9,13.94,13.45,13.53,22920534.0,1677300,65536
20190918,13.53,13.73,13.53,13.7,10785099.0,789900,65536
20190919,13.78,13.86,13.5,13.86,31263260.0,2282000,65536
20190920,13.84,13.85,13.38,13.57,30061284.0,2202900,65536
20190923,13.54,13.57,13.26,13.34,18793970.0,1406800,65536
20190924,13.35,13.61,13.35,13.49,19315812.0,1431400,65536
20190925,13.53,13.61,13.37,13.39,19161368.0,1422000,65536
20190926,13.44,14.5,13.33,13.64,66309760.0,4764100,65536
20191011,15.0,15.0,15.0,15.0,13491135.0,899409,65536
20191014,16.5,16.5,16.5,16.5,14495464.0,878513,65536
20191015,18.15,18.15,16.03,17.03,465888640.0,26880638,65536
20191016,16.9,17.7,15.51,15.68,334567232.0,20031053,65536
20191017,15.05,15.49,14.68,14.77,191758064.0,12772908,65536
20191018,14.88,15.25,14.52,14.78,127584800.0,8577938,65536
20191021,14.55,14.77,13.45,13.77,145490752.0,10451920,65536
20191022,13.77,14.28,13.62,14.12,103719744.0,7435120,65536
20191023,13.9,13.99,13.63,13.73,72545616.0,5259624,65536
20191024,13.83,13.88,13.21,13.44,60474184.0,4454900,65536
20191025,13.42,13.58,13.17,13.44,53583432.0,4011400,65536
20191028,13.17,13.59,13.13,13.53,51691676.0,3843900,65536
20191029,13.66,13.66,13.02,13.16,59227824.0,4445838,65536
20191030,13.08,13.15,12.78,12.78,40460736.0,3139500,65536
20191031,12.85,13.41,12.72,13.2,62180616.0,4756094,65536
20191101,13.02,13.19,12.95,13.1,32108320.0,2454250,65536
20191104,13.23,13.27,12.99,12.99,31411848.0,2393666,65536
20191105,13.09,13.09,12.77,13.0,29421464.0,2280100,65536
20191106,13.01,13.13,12.78,12.87,21919516.0,1700000,65536
20191107,12.83,12.94,12.81,12.92,18051526.0,1400120,65536
20191108,13.3,14.21,13.28,14.21,64734492.0,4606682,65536
20191111,13.59,15.0,13.51,14.46,211131408.0,14861896,65536
20191112,14.16,14.35,13.81,14.25,98377256.0,6982796,65536
20191113,14.24,14.49,13.75,13.82,83155088.0,5918486,65536
20191114,13.7,14.07,13.66,13.83,71097032.0,5113026,65536
20191115,13.81,13.81,13.48,13.48,54015484.0,3967000,65536
20191118,13.4,13.55,13.19,13.43,33054066.0,2468882,65536
20191119,13.36,13.73,13.31,13.72,39518348.0,2907800,65536
20191120,13.9,13.94,13.32,13.41,40483576.0,2976100,65536
20191121,13.3,13.56,13.15,13.31,29491722.0,2206100,65536
20191122,13.31,13.48,12.95,13.07,38953160.0,2950900,65536
20191125,13.03,13.18,12.94,13.13,25111052.0,1922700,65536
20191126,13.13,13.21,13.0,13.01,21243590.0,1623744,65536
20191127,12.91,13.02,12.8,12.88,20943884.0,1624900,65536
20191128,12.84,13.0,12.81,12.99,19033912.0,1475400,65536
20191129,12.96,13.37,12.87,13.3,35403952.0,2693482,65536
20191202,13.35,13.65,13.07,13.23,38172096.0,2861100,65536
20191203,13.07,13.2,12.92,13.2,20554816.0,1571700,65536
20191204,13.16,13.31,13.1,13.19,17485428.0,1324000,65536
20191205,13.2,13.46,13.12,13.3,33901088.0,2548300,65536
20191206,14.12,14.63,14.12,14.63,48427772.0,3323902,65536
20191209,14.6,14.6,14.03,14.12,139943120.0,9794502,65536
20191210,14.23,14.23,13.76,14.09,85295432.0,6118700,65536
20191211,13.98,14.21,13.87,14.14,70945992.0,5037400,65536
20191212,14.08,14.39,13.92,13.96,62179528.0,4386700,65536
20191213,13.97,14.13,13.82,13.98,47070828.0,3371550,65536
20191216,14.14,14.25,14.02,14.2,53568564.0,3789300,65536
20191217,14.19,14.39,14.06,14.3,73202856.0,5133200,65536
20191218,14.3,14.37,14.1,14.2,53522944.0,3766850,65536
20191219,14.2,14.26,14.02,14.26,44993632.0,3184176,65536
20191220,14.27,14.39,13.95,13.95,45230356.0,3186600,65536
20191223,14.05,14.91,14.04,14.23,90453856.0,6287000,65536
20191224,14.0,14.12,13.82,14.07,69947824.0,5001900,65536
20191225,13.9,14.09,13.86,13.99,48347784.0,3462100,65536
20191226,13.97,14.42,13.94,14.42,89908128.0,6308533,65536
20191227,14.49,14.52,14.08,14.27,65246584.0,4568500,65536
20191230,14.25,14.25,13.48,13.96,43885072.0,3163600,65536
20191231,14.0,14.1,13.83,13.93,28767562.0,2061000,65536
20200102,13.97,14.3,13.92,14.27,66080848.0,4669100,65536
20200103,14.21,14.49,14.16,14.37,64524496.0,4502400,65536
20200106,14.15,14.51,14.1,14.26,61806460.0,4313800,65536
20200107,14.29,14.75,14.29,14.69,105982544.0,7283548,65536
20200108,14.55,14.76,14.3,14.34,81372848.0,5598599,65536
20200109,14.47,14.7,14.42,14.64,66306792.0,4540800,65536
20200110,14.65,14.78,14.3,14.39,49824432.0,3449548,65536
20200113,14.38,14.51,14.27,14.44,40885512.0,2844982,65536
20200114,14.62,14.7,14.33,14.38,48429384.0,3338100,65536
20200115,14.32,14.43,14.02,14.08,47704888.0,3368600,65536
20200116,14.09,14.26,14.09,14.12,33326260.0,2348400,65536
20200117,14.23,14.23,14.02,14.12,26712884.0,1889044,65536
20200120,14.2,14.21,13.92,14.17,31696604.0,2255044,65536
20200121,14.12,14.13,13.77,13.8,28772458.0,2066900,65536
20200122,13.8,14.01,13.56,13.91,25281320.0,1834243,65536
20200123,13.94,13.96,13.3,13.46,33905128.0,2485500,65536
20200203,12.11,12.11,12.11,12.11,7244202.0,598200,65536
20200204,10.9,11.58,10.9,11.41,41664296.0,3677100,65536
20200205,11.42,12.38,11.39,12.14,51781048.0,4325738,65536
20200206,11.97,12.73,11.93,12.61,49862544.0,3991900,65536
20200207,12.57,12.99,12.52,12.95,43538644.0,3405043,65536
20200210,12.8,13.5,12.67,13.39,38066072.0,2881300,65536
20200211,13.39,13.53,13.25,13.42,36514612.0,2724800,65536
20200212,13.41,13.86,13.23,13.79,43091688.0,3150600,65536
20200213,13.81,14.09,13.56,13.62,32618658.0,2374500,65536
20200214,13.59,13.75,13.35,13.51,23699098.0,1748500,65536
20200217,13.5,13.82,13.49,13.75,30044648.0,2190200,65536
20200218,13.93,13.93,13.62,13.79,27590340.0,2003900,65536
20200219,13.71,13.88,13.59,13.6,37358564.0,2726000,65536
20200220,13.65,13.86,13.64,13.86,41534096.0,3017000,65536
20200221,13.86,14.04,13.74,13.98,54141040.0,3895923,65536
20200224,14.1,14.12,13.7,13.92,40851176.0,2948044,65536
20200225,13.79,13.79,13.2,13.72,46976592.0,3463690,65536
20200226,13.57,14.89,13.52,13.93,126747856.0,8882500,65536
20200227,13.79,14.0,13.53,13.58,49159184.0,3581537,65536
20200228,13.32,13.32,12.39,12.4,54094740.0,4223100,65536
20200302,12.42,12.97,12.42,12.88,23646272.0,1848395,65536
20200303,12.95,13.18,12.79,12.91,29235800.0,2245000,65536
20200304,12.86,13.08,12.71,13.04,17001644.0,1311900,65536
20200305,13.12,13.28,13.03,13.1,26139474.0,1993900,65536
20200306,13.1,13.4,12.9,13.2,30936510.0,2360300,65536
20200309,13.2,13.2,12.69,12.8,27559664.0,2135800,65536
20200310,12.5,12.86,12.19,12.84,27364860.0,2178181,65536
20200311,12.89,13.2,12.84,12.94,25593854.0,1968600,65536
20200312,12.8,12.8,12.4,12.47,22411286.0,1786300,65536
20200313,11.99,12.45,11.65,12.41,23978248.0,1986000,65536
20200316,12.47,12.78,11.87,12.03,15575058.0,1266200,65536
20200317,11.93,12.33,11.41,12.03,20247754.0,1709000,65536
20200318,12.12,12.2,11.91,11.91,14704017.0,1217200,65536
20200319,12.03,12.03,11.63,12.03,10864045.0,914700,65536
20200320,12.05,12.14,11.9,12.09,11426363.0,950100,65536
20200323,11.84,11.95,11.6,11.63,15493808.0,1315600,65536
20200324,11.81,11.93,11.55,11.91,13392755.0,1135400,65536
20200325,12.18,12.26,12.02,12.18,13448284.0,1108700,65536
20200326,12.16,12.91,12.06,12.61,41011136.0,3259000,65536
20200327,12.66,13.1,12.55,12.78,30943904.0,2406800,65536
20200330,12.62,13.5,12.62,12.82,37169760.0,2852450,65536
20200331,12.81,12.97,12.52,12.52,19297506.0,1514581,65536
20200401,12.45,12.6,12.02,12.06,42725424.0,3487250,65536
20200402,12.21,12.5,12.11,12.49,14446875.0,1174600,65536
20200403,12.54,13.18,12.54,12.97,37361604.0,2889000,65536
20200407,13.05,13.31,12.94,13.24,32174922.0,2451102,65536
20200408,13.15,13.6,13.11,13.58,35061560.0,2614500,65536
20200409,13.64,13.96,13.57,13.84,38151264.0,2773200,65536
20200410,13.98,14.16,13.56,13.63,39034408.0,2821200,65536
20200413,13.75,13.89,13.1,13.65,21226540.0,1553300,65536
20200414,13.83,13.88,13.51,13.67,17403932.0,1274500,65536
20200415,13.5,13.81,13.45,13.63,18743290.0,1375000,65536
20200416,13.62,13.62,13.33,13.48,13026405.0,965200,65536
20200417,13.51,13.75,13.3,13.41,14847311.0,1105500,65536
20200420,13.41,13.46,13.16,13.27,13914265.0,1051200,65536
20200421,13.27,13.44,13.06,13.29,12757911.0,966700,65536
20200422,13.17,13.39,12.99,13.35,13107513.0,991900,65536
20200423,13.41,13.84,13.23,13.74,18550454.0,1380000,65536
20200424,13.74,14.18,13.58,13.82,45056056.0,3230200,65536
20200427,14.08,14.08,13.69,13.88,24433136.0,1762600,65536
20200428,13.69,13.89,13.02,13.89,19873334.0,1471543,65536
20200429,13.75,14.32,13.61,14.24,37929284.0,2705743,65536
20200430,14.34,15.0,14.2,14.95,73971728.0,5055900,65536
20200506,14.81,15.05,14.73,14.77,46150172.0,3099384,65536
20200507,14.77,14.88,14.37,14.67,41603036.0,2855500,65536
20200508,14.8,14.84,14.52,14.58,19024428.0,1297000,65536
20200511,14.64,14.74,14.45,14.68,19228904.0,1314600,65536
20200512,14.68,14.78,14.58,14.77,13479746.0,917133,65536
20200513,14.65,15.08,14.57,14.88,24483588.0,1663400,65536
20200514,14.8,14.87,14.52,14.77,15237202.0,1034533,65536
20200515,14.77,14.86,14.11,14.39,59035508.0,4096633,65536
20200518,14.55,14.55,14.0,14.01,29122874.0,2057500,65536
20200519,14.01,14.2,13.91,13.96,14529084.0,1036100,65536
20200520,13.91,13.96,13.3,13.59,33465154.0,2472700,65536
20200521,13.61,13.78,13.4,13.42,13517087.0,998000,65536
20200522,13.33,13.46,13.05,13.21,12533920.0,944500,65536
20200525,13.19,13.3,13.04,13.16,10223687.0,776900,65536
20200526,13.05,13.47,13.05,13.46,9266232.0,691700,65536
20200527,13.35,13.54,13.24,13.46,10591134.0,791000,65536
20200528,13.4,13.41,13.09,13.19,11043856.0,835800,65536
20200529,13.19,13.29,13.06,13.23,7115525.0,538500,65536
20200601,13.3,13.51,13.27,13.38,20494756.0,1529143,65536
20200602,13.3,13.41,13.15,13.28,22435344.0,1691800,65536
20200603,13.29,13.6,13.21,13.32,31575804.0,2367000,65536
20200604,13.25,13.49,13.19,13.44,34116208.0,2556700,65536
20200605,13.44,14.65,13.34,14.26,75515296.0,5450143,65536
20200608,14.22,14.22,13.75,13.78,35921840.0,2583400,65536
20200609,13.72,14.18,13.71,13.9,51405764.0,3702700,65536
20200610,13.77,13.85,13.56,13.72,33870644.0,2482968,65536
20200611,13.68,13.87,13.51,13.61,15279749.0,1117400,65536
20200612,13.28,13.65,13.15,13.56,13395550.0,998000,65536
20200615,13.51,13.81,13.45,13.67,23127198.0,1695400,65536
20200616,13.65,14.19,13.6,14.08,59438340.0,4231400,65536
20200617,14.15,14.15,13.88,14.02,21259560.0,1522300,65536
20200618,14.05,14.05,13.7,13.92,16887402.0,1220100,65536
20200619,13.85,13.92,13.8,13.81,12100960.0,874200,65536
20200622,13.9,14.1,13.77,13.79,21935872.0,1577800,65536
20200623,13.79,13.8,13.48,13.53,17072472.0,1254900,65536
20200624,13.59,13.63,13.33,13.38,22409020.0,1668200,65536
20200629,13.39,13.51,13.18,13.46,14263292.0,1069700,65536
20200630,13.45,13.83,13.45,13.8,21678068.0,1579000,65536
20200701,13.8,13.95,13.65,13.72,16044210.0,1164400,65536
20200702,13.88,13.88,13.63,13.8,18000932.0,1305900,65536
20200703,13.87,13.97,13.73,13.89,22630240.0,1630028,65536
20200706,13.86,14.34,13.84,14.2,47228704.0,3335400,65536
20200707,14.33,14.71,14.14,14.51,59075464.0,4068300,65536
20200708,14.35,14.9,14.35,14.68,50964388.0,3481417,65536
20200709,14.68,14.92,14.6,14.76,56629316.0,3835374,65536
20200710,14.89,14.89,14.5,14.51,52820028.0,3600500,65536
20200713,14.7,15.23,14.61,15.1,64220728.0,4287500,65536
20200714,15.11,15.81,14.74,15.0,80464088.0,5273074,65536
20200715,14.9,15.35,14.66,15.35,65897824.0,4366700,65536
20200716,15.19,15.65,14.57,14.67,42742504.0,2848201,65536
20200717,14.53,14.9,14.23,14.9,21058356.0,1434000,65536
20200720,14.86,15.5,14.86,15.21,45479104.0,2989200,65536
20200721,15.29,15.83,15.01,15.69,75359336.0,4854745,65536
20200722,15.74,15.74,15.1,15.15,67815664.0,4395444,65536
20200723,15.13,15.4,14.8,15.35,41232792.0,2726300,65536
20200724,15.27,15.57,14.71,14.96,33780884.0,2244358,65536
20200727,15.25,15.25,14.75,14.97,21307204.0,1423900,65536
20200728,14.92,15.18,14.6,14.68,29027414.0,1958700,65536
20200729,14.76,14.98,14.4,14.9,24518136.0,1663200,65536
20200730,14.9,15.2,14.66,14.71,26735036.0,1792700,65536
20200731,14.69,14.84,14.5,14.83,24078948.0,1638800,65536
20200803,14.85,15.15,14.85,15.04,39236112.0,2613200,65536
20200804,15.13,15.13,14.85,14.96,32743088.0,2184900,65536
20200805,14.94,15.12,14.66,15.11,36597304.0,2457846,65536
20200806,15.08,15.14,14.8,15.12,30348206.0,2026300,65536
20200807,15.53,15.53,14.85,15.06,37286768.0,2476000,65536
20200810,15.06,15.28,14.94,15.18,33730100.0,2226400,65536
20200811,15.22,15.71,15.06,15.3,69656552.0,4516200,65536
20200812,15.17,15.46,14.48,15.06,62336652.0,4197196,65536
20200813,15.07,15.43,15.05,15.37,57498948.0,3756014,65536
20200814,15.38,15.97,15.27,15.87,89867616.0,5718600,65536
20200817,15.89,16.66,15.75,16.5,109739608.0,6731507,65536
20200818,16.53,16.9,16.26,16.84,97346720.0,5891100,65536
20200819,17.0,17.66,15.59,15.79,309113216.0,18976300,65536
20200820,15.13,15.39,15.0,15.09,78524208.0,5185514,65536
20200821,15.1,15.25,14.81,14.98,48492492.0,3234600,65536
20200824,15.0,15.1,14.71,15.01,35283416.0,2374500,65536
20200825,15.0,15.13,14.8,15.02,38090548.0,2552500,65536
20200826,15.0,15.25,14.9,15.15,51378368.0,3409000,65536
20200827,15.12,15.5,15.09,15.46,58873192.0,3836700,65536
20200828,15.5,15.5,15.31,15.46,36544880.0,2372800,65536
20200831,15.36,15.5,15.15,15.45,36306544.0,2365868,65536
20200901,15.44,15.67,15.3,15.67,38963732.0,2519668,65536
20200902,15.66,15.94,15.48,15.79,57792588.0,3663900,65536
20200903,15.62,15.91,15.61,15.63,36322864.0,2310600,65536
20200904,15.35,15.5,15.01,15.37,38620364.0,2534968,65536
20200907,15.5,15.91,15.35,15.54,48457304.0,3110514,65536
20200908,15.55,15.65,15.31,15.5,31528796.0,2037600,65536
20200909,15.51,15.51,15.02,15.18,36934900.0,2432900,65536
20200910,15.17,15.3,14.9,14.9,45727676.0,3040400,65536
20200911,14.9,15.19,14.8,15.17,27363338.0,1816861,65536
20200914,15.17,15.5,14.93,15.1,30345716.0,2015400,65536
20200915,15.03,15.13,14.92,14.99,19179904.0,1279800,65536
20200916,14.92,14.95,14.74,14.84,23570682.0,1589900,65536
20200917,14.81,15.02,14.78,14.97,25982438.0,1743514,65536
20200918,14.94,15.05,14.85,14.99,22436454.0,1503600,65536
20200921,14.99,15.0,14.74,14.81,29089218.0,1962300,65536
20200922,14.79,14.79,14.54,14.68,27529852.0,1881500,65536
20200923,14.62,14.83,14.57,14.65,22046256.0,1502000,65536
20200924,14.61,14.64,14.42,14.49,27499388.0,1895000,65536
20200925,14.55,15.08,14.4,14.88,31771136.0,2157900,65536
20200928,14.75,15.11,14.75,14.91,40175424.0,2686500,65536
20200929,14.91,15.47,14.84,15.37,55756384.0,3678800,65536
20200930,15.37,15.66,15.36,15.59,66920488.0,4317200,65536
20201009,15.7,15.78,15.37,15.6,43495208.0,2796100,65536
20201012,15.61,16.25,15.61,16.05,60060636.0,3756700,65536
20201013,16.0,16.1,15.78,15.89,58360620.0,3663474,65536
20201014,15.86,15.9,15.68,15.7,33031652.0,2094614,65536
20201015,15.74,15.85,15.46,15.52,28122268.0,1797300,65536
20201016,15.6,15.84,15.35,15.75,34318540.0,2199600,65536
20201019,15.9,15.93,15.66,15.78,45978332.0,2913800,65536
20201020,15.78,16.07,15.67,15.85,77528800.0,4872374,65536
20201021,15.81,15.96,15.55,15.73,45718512.0,2912400,65536
20201022,15.82,15.82,15.4,15.52,33734500.0,2174100,65536
20201023,15.6,15.83,15.5,15.5,29009276.0,1852000,65536
20201026,15.44,15.56,15.14,15.36,32265756.0,2106200,65536
20201027,15.35,15.38,15.17,15.29,21537796.0,1412200,65536
20201028,15.37,15.37,15.02,15.24,21710708.0,1433500,65536
20201029,15.1,15.13,14.98,15.02,22584088.0,1501444,65536
20201030,15.02,15.25,14.86,15.01,24652384.0,1640300,65536
20201102,15.06,15.25,14.9,15.04,25348732.0,1685400,65536
20201103,15.08,15.15,15.01,15.09,20205764.0,1342400,65536
20201104,15.27,15.27,14.86,14.99,25661338.0,1715200,65536
20201105,15.03,15.18,14.98,15.14,21753272.0,1444600,65536
20201106,15.11,15.14,14.84,15.01,18165576.0,1217300,65536
20201109,15.01,15.22,15.0,15.13,32406354.0,2142144,65536
20201110,15.12,15.27,15.0,15.14,22268404.0,1470600,65536
20201111,15.14,15.24,15.02,15.11,19893668.0,1317544,65536
20201112,15.11,15.21,14.95,15.06,22028156.0,1461500,65536
20201113,15.08,15.09,14.85,14.98,18552152.0,1241000,65536
20201116,14.98,15.15,14.88,15.11,18218556.0,1212800,65536
20201117,15.14,15.19,14.91,15.01,18009020.0,1201300,65536
20201118,14.8,14.93,14.67,14.81,44715632.0,3022800,65536
20201119,14.81,14.89,14.66,14.88,21074008.0,1424800,65536
20201120,14.87,14.87,14.72,14.78,10691929.0,724000,65536
20201123,14.78,14.89,14.55,14.8,22414564.0,1523600,65536
20201124,14.76,14.86,14.66,14.67,15246494.0,1037300,65536
20201125,14.79,14.79,14.6,14.64,13000255.0,887300,65536
20201126,14.63,15.15,14.62,14.99,38219704.0,2557653,65536
20201127,14.99,15.68,14.91,15.48,67904240.0,4438353,65536
20201130,15.51,15.56,15.04,15.17,41180412.0,2706800,65536
20201201,15.17,15.4,15.07,15.32,23178830.0,1519353,65536
20201202,15.38,15.38,15.17,15.24,16977240.0,1114100,65536
20201203,15.29,15.29,15.0,15.07,17679124.0,1172900,65536
20201204,15.08,15.25,14.95,15.17,16121065.0,1068800,65536
20201207,15.25,15.25,14.94,15.04,18385316.0,1222100,65536
20201208,15.04,15.2,14.99,15.15,15013909.0,995300,65536
20201209,15.13,15.15,14.89,15.01,24359168.0,1627500,65536
20201210,15.0,15.19,14.95,15.09,16528280.0,1096200,65536
20201211,15.08,15.13,14.8,14.94,21741840.0,1458500,65536
20201214,14.91,15.02,14.73,14.8,22315508.0,1507100,65536
20201215,14.8,14.85,14.67,14.75,10548296.0,716600,65536
20201216,14.79,14.8,13.28,13.28,26921018.0,1925300,65536
20201217,11.95,11.95,11.95,11.95,5193470.0,434600,65536
20201218,10.76,11.54,10.76,11.08,248999632.0,22991782,65536
20201221,10.6,10.81,10.5,10.62,106343008.0,9936229,65536
20201222,10.54,10.59,10.04,10.06,75558336.0,7394760,65536
20201223,10.0,10.08,9.65,9.71,62173316.0,6322549,65536
20201224,9.65,9.82,9.5,9.67,41005972.0,4252660,65536
20201225,9.6,9.98,9.53,9.95,38510708.0,3919806,65536
20201228,9.85,10.28,9.85,10.13,55285084.0,5463643,65536
20201229,10.1,10.1,9.6,9.63,47964268.0,4929200,65536
20201230,9.61,9.68,9.34,9.38,31753310.0,3369608,65536
20201231,9.35,9.63,9.3,9.54,24951890.0,2633347,65536
20210104,9.39,9.62,9.37,9.53,36841596.0,3868194,65536
20210105,9.52,9.61,9.31,9.41,31550302.0,3346353,65536
20210106,9.41,9.41,9.11,9.14,27576042.0,2994500,65536
20210107,9.08,9.14,8.51,8.7,30571590.0,3499042,65536
20210108,8.63,8.91,8.61,8.78,17349612.0,1979800,65536
20210111,8.78,8.84,8.46,8.57,18612942.0,2149076,65536
20210112,8.55,9.17,8.54,9.09,42597584.0,4730368,65536
20210113,9.07,10.0,8.92,9.95,81535336.0,8490100,65536
20210114,9.98,10.8,9.96,10.4,80210848.0,7715320,65536
20210115,10.39,11.44,10.34,11.44,94251312.0,8469241,65536
20210118,11.82,12.58,11.44,12.58,133220984.0,10956164,65536
20210119,13.0,13.78,11.36,12.7,152693024.0,11847532,65536
20210120,12.07,12.61,11.6,12.01,96999480.0,8091800,65536
20210121,12.07,12.92,11.96,12.4,84914120.0,6761100,65536
20210122,11.81,12.3,11.81,11.87,59018148.0,4929420,65536
20210125,12.0,12.07,11.5,11.8,38224856.0,3253500,65536
20210126,11.92,12.23,11.49,11.9,37259648.0,3158200,65536
20210127,12.12,12.12,10.8,11.48,43251180.0,3774443,65536
20210128,11.4,11.45,10.71,10.74,29114112.0,2664400,65536
20210129,11.08,11.08,10.52,10.65,16334476.0,1529900,65536
20210201,10.52,11.45,10.52,11.06,32957954.0,2985000,65536
20210202,10.89,11.17,10.61,11.11,25172336.0,2327900,65536
20210203,11.3,11.3,10.61,11.1,30325888.0,2773600,65536
20210204,10.9,11.0,10.65,10.96,16538295.0,1530500,65536
20210205,11.0,11.0,10.48,10.5,14921679.0,1397800,65536
20210208,10.65,10.65,10.22,10.23,11352574.0,1094500,65536
20210209,10.07,11.0,10.07,10.74,14173017.0,1356100,65536
20210210,10.74,11.17,10.55,11.15,17508168.0,1607100,65536
20210218,11.19,11.37,10.94,11.2,15982743.0,1432900,65536
20210219,11.02,11.92,10.94,11.78,23734960.0,2052200,65536
20210222,11.78,12.58,11.53,12.0,35584264.0,2969600,65536
20210223,11.99,12.45,11.78,12.34,38425168.0,3139663,65536
20210224,12.3,12.6,12.1,12.27,44767828.0,3635100,65536
20210225,12.27,12.4,12.05,12.2,16582974.0,1355900,65536
20210226,12.18,12.4,12.02,12.25,15037024.0,1225600,65536
20210301,12.25,12.35,12.16,12.16,22189516.0,1816200,65536
20210302,12.16,12.8,12.04,12.3,34992600.0,2804500,65536
20210303,12.42,12.62,12.27,12.45,25044868.0,2013700,65536
20210304,12.41,12.88,12.32,12.6,30127930.0,2383563,65536
20210305,12.56,12.83,12.3,12.66,17255972.0,1357300,65536
20210308,12.7,13.06,12.6,12.6,18392694.0,1439200,65536
20210309,12.6,12.71,12.05,12.12,14329315.0,1167500,65536
20210310,12.08,12.3,12.08,12.08,5231654.5,430881,65536
20210311,12.04,12.2,11.98,12.06,8529036.0,705300,65536
20210312,12.19,12.32,11.95,12.11,7464780.0,614800,65536
20210315,12.1,12.19,11.75,11.9,15357244.0,1289900,65536
20210316,11.9,12.25,11.85,11.89,13522286.0,1126200,65536
20210317,11.87,12.07,11.83,12.02,9826852.0,822743,65536
20210318,12.0,12.18,11.85,12.07,9669752.0,805700,65536
20210319,12.0,13.28,11.88,12.19,17907680.0,1472499,65536
20210322,12.3,12.35,11.91,11.93,14228789.0,1177200,65536
20210323,11.93,12.25,11.7,11.86,14515094.0,1218643,65536
20210324,11.68,12.02,11.68,11.83,6409830.0,539600,65536
20210325,11.83,11.94,11.72,11.83,6501774.0,549900,65536
20210326,11.76,11.8,11.41,11.63,8368529.0,719614,65536
20210329,11.63,11.72,10.8,11.06,28073428.0,2522919,65536
20210330,11.0,11.19,10.64,10.88,17452132.0,1611600,65536
20210331,10.92,11.03,10.58,10.8,16596213.0,1552020,65536
20210401,11.31,11.77,10.81,10.85,25632904.0,2322900,65536
20210402,10.85,11.15,10.07,10.83,22334190.0,2073300,65536
20210406,10.75,10.79,10.53,10.57,20566400.0,1937600,65536
20210407,10.73,10.77,10.52,10.62,38256884.0,3594100,65536
20210408,10.6,10.6,10.29,10.33,22747780.0,2183300,65536
20210409,10.45,10.45,10.21,10.27,10768910.0,1044518,65536
20210412,10.27,10.35,9.96,10.0,18343212.0,1809800,65536
20210413,10.0,10.1,9.68,9.72,16859944.0,1718400,65536
20210414,9.6,10.68,9.6,10.68,35194632.0,3430400,65536
20210415,10.68,10.94,10.08,10.16,36785540.0,3532416,65536
20210416,10.14,10.94,10.02,10.75,41760436.0,3945121,65536
20210419,10.77,11.23,10.7,10.74,37602200.0,3435846,65536
20210420,10.8,10.94,10.58,10.63,17616958.0,1650819,65536
20210421,10.58,10.82,10.42,10.51,17370434.0,1638765,65536
20210422,10.52,10.71,10.41,10.49,11234582.0,1064500,65536
20210423,10.55,10.56,10.19,10.27,13229732.0,1281719,65536
20210426,10.29,10.78,10.11,10.5,18785294.0,1787454,65536
20210427,10.52,10.62,10.12,10.21,10456047.0,1020695,65536
20210428,10.15,10.27,10.0,10.14,16812908.0,1664595,65536
20210429,10.16,10.42,10.05,10.24,10552164.0,1027500,65536
20210430,10.16,10.3,9.8,9.83,16859522.0,1689100,65536
20210506,9.9,10.45,9.83,10.2,30469100.0,3002200,65536
20210507,10.3,10.44,10.05,10.21,10732950.0,1054800,65536
20210510,10.49,11.23,10.32,11.23,77348240.0,6949420,65536
20210511,11.41,12.3,11.12,11.67,85616232.0,7371986,65536
20210512,11.35,11.59,11.13,11.38,69939584.0,6179694,65536
20210513,11.28,11.52,11.02,11.09,41846748.0,3726200,65536
20210514,11.1,11.26,10.93,11.13,26767618.0,2413600,65536
20210517,11.2,11.22,10.94,11.05,29418652.0,2659999,65536
20210518,11.04,11.08,10.71,10.86,24797552.0,2293800,65536
20210519,10.86,11.06,10.76,10.99,21136160.0,1937199,65536
20210520,11.02,11.09,10.86,10.99,15059418.0,1371800,65536
20210521,10.87,11.05,10.78,10.97,14378281.0,1313320,65536
20210524,10.87,10.95,10.76,10.8,15952068.0,1471899,65536
20210525,10.81,11.5,10.8,11.04,31528202.0,2829262,65536
20210526,10.88,11.47,10.5,11.17,37671696.0,3439842,65536
20210527,11.05,11.18,11.0,11.08,20061692.0,1813600,65536
20210528,11.07,11.23,10.96,11.09,19796392.0,1780420,65536
20210531,11.08,11.46,10.95,11.35,31736564.0,2822900,65536
20210601,11.38,11.58,11.1,11.13,36299456.0,3214900,65536
20210602,11.19,11.4,10.97,11.04,33071296.0,2976500,65536
20210603,11.04,11.24,11.01,11.09,17611472.0,1583200,65536
20210604,10.99,12.2,10.93,12.2,80924416.0,6910609,65536
20210607,12.95,12.95,12.0,12.05,108628296.0,8768400,65536
20210608,12.38,12.57,11.81,12.22,84391680.0,6952820,65536
20210609,12.15,12.22,11.53,11.79,66387716.0,5641100,65536
20210610,11.7,12.1,11.65,11.81,42085448.0,3557820,65536
20210611,11.74,12.1,11.43,11.44,43752876.0,3733900,65536
20210615,11.32,11.86,11.24,11.72,40827240.0,3525300,65536
20210616,11.58,11.78,11.34,11.42,25851136.0,2245666,65536
20210617,11.42,11.65,11.26,11.5,25965802.0,2275754,65536
20210618,11.49,11.49,11.23,11.27,19438908.0,1723000,65536
20210621,11.16,11.4,11.16,11.19,19925580.0,1767600,65536
20210622,11.29,11.33,10.98,11.01,35580640.0,3212000,65536
20210623,11.02,11.14,10.93,10.97,29428668.0,2668600,65536
20210624,11.04,11.04,10.5,10.5,40399224.0,3773300,65536
20210625,10.51,10.79,10.08,10.6,53655296.0,5153850,65536
20210628,10.6,10.94,10.53,10.71,42521228.0,3959791,65536
20210629,10.71,10.88,10.52,10.76,21922960.0,2047100,65536
20210630,10.75,11.09,10.7,11.02,23269292.0,2118500,65536
20210701,11.02,11.1,10.91,10.93,18220328.0,1656200,65536
20210702,10.94,11.08,10.76,10.92,13685576.0,1256600,65536
20210705,10.99,10.99,10.73,10.84,14995539.0,1387000,65536
20210706,11.0,11.1,10.64,10.7,22457668.0,2072500,65536
20210707,10.69,10.98,10.64,10.76,18358536.0,1702600,65536
20210708,10.68,10.86,10.37,10.43,35580940.0,3372500,65536
20210709,10.41,10.54,10.32,10.46,22976570.0,2200300,65536
20210712,10.5,10.64,10.42,10.47,17803090.0,1694100,65536
20210713,10.56,10.72,10.45,10.63,21053516.0,1992200,65536
20210714,10.66,10.66,10.35,10.41,22638136.0,2165491,65536
20210715,10.45,10.55,10.2,10.34,15695820.0,1523391,65536
20210716,10.31,10.45,10.2,10.26,15567162.0,1508700,65536
20210719,10.58,10.58,10.01,10.18,16646421.0,1635500,65536
20210720,10.1,10.24,10.07,10.2,9108058.0,895900,65536
20210721,10.25,10.53,10.21,10.31,14149765.0,1366100,65536
20210722,10.31,11.33,10.26,11.0,64418372.0,5938800,65536
20210723,11.25,12.0,11.0,11.51,93377400.0,8096400,65536
20210726,12.28,12.66,12.28,12.66,46924968.0,3729075,65536
20210727,13.93,13.93,13.01,13.93,96008712.0,6900053,65536
20210728,13.9,14.7,12.66,13.42,233648608.0,17533402,65536
20210729,13.79,13.98,12.99,13.78,173060992.0,12803801,65536
20210730,13.4,14.1,12.4,12.4,179978752.0,13897099,65536
20210802,12.24,12.34,11.27,11.75,130914520.0,11289800,65536
20210803,11.6,12.19,11.52,11.95,99654424.0,8355284,65536
20210804,11.78,12.05,11.66,11.9,60597896.0,5100000,65536
20210805,11.85,12.3,11.66,11.98,78163952.0,6484300,65536
20210806,12.22,13.18,12.04,13.18,83210728.0,6537932,65536
20210809,13.32,13.8,12.52,12.76,152697008.0,11765483,65536
20210810,12.91,13.0,12.46,12.67,82277520.0,6495500,65536
20210811,12.53,12.88,12.38,12.59,72283512.0,5726450,65536
20210812,12.59,13.19,12.47,12.81,85845192.0,6684391,65536
20210813,12.63,13.39,12.63,12.8,83883384.0,6491300,65536
20210816,12.7,13.3,12.4,12.43,63464420.0,4981900,65536
20210817,12.4,12.64,11.92,12.05,75819552.0,6175700,65536
20210818,11.95,12.28,11.91,12.23,36174232.0,2972127,65536
20210819,12.19,12.2,11.87,11.99,32479116.0,2704800,65536
20210820,12.18,12.18,11.82,12.12,23836836.0,1992500,65536
20210823,12.09,12.54,12.06,12.49,40938412.0,3309000,65536
20210824,12.5,12.63,12.15,12.2,44444020.0,3605200,65536
20210825,12.19,12.19,11.88,12.06,31654296.0,2631700,65536
20210826,12.03,12.38,11.9,11.92,51787368.0,4261100,65536
20210827,11.92,11.96,11.65,11.68,38959160.0,3312200,65536
20210830,11.78,12.44,11.61,12.15,57528404.0,4721500,65536
20210831,12.15,12.34,11.48,11.64,39138132.0,3322800,65536
20210901,11.66,11.96,11.51,11.78,32294684.0,2757510,65536
20210902,11.66,11.93,11.63,11.87,23290246.0,1979327,65536
20210903,11.83,11.94,11.71,11.85,25095164.0,2123133,65536
20210906,11.88,12.22,11.88,12.15,32724060.0,2706731,65536
20210907,12.25,12.86,12.06,12.65,68215272.0,5421790,65536
20210908,12.75,12.8,12.31,12.48,44182400.0,3541437,65536
20210909,12.4,12.62,12.28,12.46,35277856.0,2838793,65536
20210910,12.47,12.69,12.17,12.28,42142272.0,3405400,65536
20210913,12.23,12.58,11.9,12.34,50428992.0,4131090,65536
20210914,12.2,12.54,11.99,12.21,48219532.0,3935872,65536
20210915,12.08,12.42,12.08,12.31,40264740.0,3284692,65536
20210916,12.31,12.5,11.83,11.84,50967532.0,4230800,65536
20210917,11.8,12.05,11.75,11.99,26190618.0,2201010,65536
20210922,11.85,12.29,11.58,12.28,33277418.0,2752830,65536
20210923,12.24,12.41,12.04,12.13,37330372.0,3064828,65536
20210924,12.11,12.23,11.83,11.84,26995216.0,2255643,65536
20210927,11.88,11.88,11.2,11.41,33923440.0,2954800,65536
20210928,11.46,11.55,10.99,11.08,49802356.0,4442561,65536
20210929,11.09,11.13,10.66,10.71,44238064.0,4064800,65536
20210930,10.84,11.35,10.78,11.3,26303736.0,2372300,65536
20211008,11.42,11.83,11.26,11.8,44422952.0,3803885,65536
20211011,11.81,11.92,11.38,11.47,39150136.0,3381500,65536
20211012,11.32,11.61,11.19,11.37,22021578.0,1942600,65536
20211013,11.35,11.37,11.13,11.34,16359858.0,1453300,65536
20211014,11.34,11.49,11.12,11.31,16940488.0,1494041,65536
20211015,11.32,11.43,11.21,11.32,18704712.0,1654041,65536
20211018,11.4,12.2,11.2,12.12,80878128.0,6802000,65536
20211019,12.13,12.23,11.78,11.83,36116716.0,3022441,65536
20211020,11.83,11.88,11.53,11.62,26991306.0,2317197,65536
20211021,11.64,11.66,11.4,11.47,19780808.0,1721169,65536
20211022,11.43,11.51,11.27,11.33,20141128.0,1772048,65536
20211025,11.3,11.58,10.86,11.38,24894140.0,2199300,65536
20211026,11.37,11.38,11.1,11.18,30070374.0,2688500,65536
20211027,11.15,11.25,10.72,11.09,29274356.0,2672200,65536
20211028,10.97,11.02,10.82,10.97,17498560.0,1603200,65536
20211029,10.97,11.06,10.72,10.9,19181876.0,1758585,65536
20211101,10.91,11.29,10.68,11.2,41294284.0,3750000,65536
20211102,11.19,11.31,10.6,10.7,24753758.0,2270812,65536
20211103,11.24,11.77,11.24,11.77,24647348.0,2098800,65536
20211104,11.98,12.0,11.27,11.36,88131752.0,7686395,65536
20211105,11.43,11.5,10.97,11.11,58855592.0,5253600,65536
20211108,11.03,11.14,10.86,11.04,25099564.0,2273200,65536
20211109,11.04,11.21,10.93,11.09,28081452.0,2531566,65536
20211110,11.15,11.43,11.0,11.28,31955082.0,2849600,65536
20211111,11.25,11.45,11.2,11.27,37213624.0,3282043,65536
20211112,11.23,11.39,11.18,11.31,31066044.0,2748443,65536
20211115,11.28,11.44,11.27,11.42,23603516.0,2076100,65536
20211116,11.43,11.44,11.1,11.1,25046530.0,2226500,65536
20211117,11.12,11.3,11.08,11.26,21202376.0,1891700,65536
20211118,11.36,11.36,11.03,11.06,22184006.0,1993314,65536
20211119,11.08,11.49,11.06,11.25,37666344.0,3339800,65536
20211122,11.2,12.38,11.16,12.38,85151288.0,7034104,65536
20211123,12.33,12.52,12.07,12.07,139601072.0,11421672,65536
20211124,12.06,12.37,11.91,12.18,75769440.0,6228487,65536
20211125,12.21,13.27,12.18,12.58,138952480.0,10918290,65536
20211126,12.58,12.63,12.25,12.46,58866248.0,4745400,65536
20211129,12.19,12.54,12.16,12.43,44016176.0,3564065,65536
20211130,12.52,12.59,12.13,12.45,38753100.0,3140505,65536
20211201,12.38,12.66,12.3,12.47,45285812.0,3636900,65536
20211202,12.43,12.8,12.26,12.68,64502420.0,5134428,65536
20211203,12.67,12.67,11.86,12.34,61506948.0,5019600,65536
20211206,12.41,12.46,12.01,12.07,37238896.0,3052600,65536
20211207,12.07,12.6,11.95,12.46,70543288.0,5710400,65536
20211208,12.46,12.68,12.18,12.3,43375284.0,3504883,65536
20211209,12.26,12.79,12.23,12.75,86155664.0,6839532,65536
20211210,12.71,14.03,12.65,13.4,211135872.0,15625420,65536
20211213,13.46,13.8,13.24,13.67,118614040.0,8780717,65536
20211214,13.33,14.19,13.33,13.95,108107392.0,7899909,65536
20211215,14.1,14.56,13.85,13.98,134859712.0,9510774,65536
20211216,13.66,13.88,13.31,13.33,98625904.0,7324017,65536
20211217,13.41,13.92,12.98,13.2,114026736.0,8553907,65536
20211220,12.29,14.0,11.94,12.2,179480000.0,14746758,65536
20211221,12.05,12.15,11.95,12.06,85929432.0,7118000,65536
20211222,12.05,12.2,11.6,12.04,90802992.0,7619725,65536
20211223,11.98,11.98,11.4,11.59,76112504.0,6545938,65536
20211224,11.56,11.75,11.19,11.21,52218232.0,4585617,65536
20211227,11.21,11.32,11.04,11.28,30934848.0,2759717,65536
20211228,11.3,11.52,11.22,11.5,33164834.0,2900767,65536
20211229,11.48,11.58,11.35,11.52,24404428.0,2124908,65536
20211230,11.45,11.7,11.44,11.55,31439440.0,2712900,65536
20211231,11.56,12.34,11.51,12.14,95948688.0,7981555,65536
20220104,12.36,12.36,11.87,12.05,58556440.0,4860600,65536
20220105,12.06,12.07,11.67,11.75,46560408.0,3938800,65536
20220106,11.78,12.14,11.7,12.02,41923580.0,3501822,65536
20220107,12.02,12.14,11.7,11.74,35677116.0,3014517,65536
20220110,11.55,11.88,11.55,11.87,20994966.0,1776800,65536
20220111,11.87,12.1,11.76,11.89,27906584.0,2333300,65536
20220112,11.98,12.27,11.81,12.12,39638148.0,3271400,65536
20220113,12.12,12.34,12.01,12.2,51330396.0,4211100,65536
20220114,12.14,12.33,11.92,11.97,33947824.0,2797796,65536
20220117,11.95,12.35,11.91,12.22,35924544.0,2950699,65536
20220118,12.3,12.31,11.89,11.93,27279548.0,2272699,65536
20220119,11.93,12.12,11.84,12.11,20913426.0,1740438,65536
20220120,12.11,12.16,11.68,11.69,31450848.0,2665700,65536
20220121,11.65,11.8,11.56,11.67,12806461.0,1097100,65536
20220124,11.65,11.65,11.18,11.29,16456182.0,1448700,65536
20220125,11.24,11.45,10.85,10.88,24779228.0,2243700,65536
20220126,10.88,11.11,10.81,11.06,11637185.0,1059700,65536
20220127,11.13,11.23,10.64,10.67,19213406.0,1776708,65536
20220128,10.84,11.04,10.66,10.93,15015121.0,1384617,65536
20220207,11.05,11.36,10.95,11.1,26056638.0,2324600,65536
20220208,11.32,11.34,11.04,11.26,19597714.0,1748400,65536
20220209,11.26,11.3,11.17,11.27,18234958.0,1622400,65536
20220210,11.27,11.38,11.11,11.18,17281890.0,1545039,65536
20220211,11.19,11.19,10.81,10.88,17783056.0,1623627,65536
20220214,10.89,11.05,10.8,10.93,14995152.0,1370499,65536
20220215,10.91,11.19,10.76,11.13,23468260.0,2133700,65536
20220216,11.08,11.26,11.05,11.26,16716770.0,1493800,65536
20220217,11.25,11.31,11.0,11.05,19260884.0,1727500,65536
20220218,11.02,11.06,10.95,11.03,11475420.0,1042100,65536
20220221,11.01,11.22,10.93,11.18,13249725.0,1192300,65536
20220222,11.09,11.22,10.96,11.0,12466154.0,1128200,65536
20220223,11.0,11.29,10.99,11.24,19768104.0,1764191,65536
20220224,11.28,11.41,10.78,10.93,32295184.0,2903200,65536
20220225,10.94,11.23,10.94,11.04,16054906.0,1445800,65536
20220228,11.04,11.1,10.74,10.99,15077739.0,1376565,65536
20220301,11.07,11.32,11.0,11.16,24100610.0,2157099,65536
20220302,11.09,11.26,11.08,11.21,12735409.0,1138000,65536
20220303,11.24,11.9,11.18,11.62,73229944.0,6308116,65536
20220304,11.72,11.77,11.32,11.37,33065236.0,2879900,65536
20220307,11.27,11.48,11.2,11.28,23724552.0,2089300,65536
20220308,11.29,11.41,10.9,11.1,29293866.0,2630707,65536
20220309,11.16,11.32,10.6,11.08,29381768.0,2669691,65536
20220310,11.32,11.53,11.11,11.33,31120408.0,2731263,65536
20220311,11.2,11.56,11.05,11.49,30582862.0,2690617,65536
20220314,11.42,11.49,10.94,11.01,29569836.0,2639500,65536
20220315,11.02,11.04,10.0,10.09,44996856.0,4301400,65536
20220316,10.14,11.1,9.91,11.1,61678640.0,5803382,65536
20220317,11.5,11.9,11.08,11.33,92043944.0,8053000,65536
20220318,11.5,11.88,11.21,11.79,67880336.0,5858600,65536
20220321,12.01,12.14,11.47,11.77,46369956.0,3979500,65536
20220322,11.8,11.88,11.54,11.8,53451428.0,4559137,65536
20220323,11.79,11.91,11.68,11.86,41606652.0,3521211,65536
20220324,11.86,11.99,11.66,11.71,41421688.0,3511100,65536
20220325,11.69,11.79,11.46,11.52,37044112.0,3187500,65536
20220328,11.52,12.07,11.3,11.95,75678448.0,6394425,65536
20220329,11.99,12.95,11.96,12.39,126267224.0,10126727,65536
20220330,12.2,12.44,11.98,12.08,56126372.0,4632100,65536
20220331,12.14,12.23,11.92,12.16,37025428.0,3074538,65536
20220401,12.09,12.42,11.67,12.22,64436424.0,5370600,65536
20220406,12.31,12.32,12.04,12.11,36591024.0,3015200,65536
20220407,12.1,12.19,11.82,11.87,30016196.0,2502900,65536
20220408,11.87,11.97,11.7,11.79,22443228.0,1902497,65536
20220411,11.7,12.34,11.3,12.0,54185792.0,4562204,65536
20220412,11.66,12.22,11.66,12.15,42140912.0,3498998,65536
20220413,12.07,12.36,11.8,11.8,45965528.0,3795534,65536
20220414,11.91,12.01,11.73,11.78,34281840.0,2892800,65536
20220415,11.78,12.04,11.55,12.04,31658650.0,2674104,65536
20220418,12.05,12.29,11.73,11.95,53296956.0,4443500,65536
20220419,11.83,12.22,11.73,12.22,61224696.0,5075691,65536
20220420,12.2,12.29,11.9,12.03,40776536.0,3362400,65536
20220421,12.03,12.03,11.26,11.37,48626400.0,4152204,65536
20220422,11.1,11.62,11.05,11.16,25893266.0,2285200,65536
20220425,11.04,11.45,10.71,10.81,51809096.0,4679600,65536
20220426,10.34,10.81,9.73,9.73,54137504.0,5261400,65536
20220427,8.8,9.35,8.76,9.33,69630928.0,7760953,65536
20220428,9.04,9.45,8.7,9.19,39563336.0,4357697,65536
20220429,9.13,10.11,9.13,9.95,41211368.0,4262853,65536
20220505,10.07,10.93,9.98,10.15,34025112.0,3317338,65536
20220506,9.85,10.3,9.85,10.0,18122852.0,1804900,65536
20220509,9.98,10.24,9.89,10.14,15908039.0,1567400,65536
20220510,10.13,10.64,9.99,10.46,28476004.0,2761625,65536
20220511,10.5,10.55,10.07,10.14,43993288.0,4271138,65536
20220512,10.35,10.76,10.07,10.59,48301948.0,4647800,65536
20220513,10.59,10.84,10.49,10.61,32720476.0,3078700,65536
20220516,10.57,10.71,10.37,10.49,32256576.0,3057200,65536
20220517,10.49,10.61,10.25,10.36,12509031.0,1207838,65536
20220518,10.36,10.62,10.36,10.39,27042644.0,2582900,65536
20220519,10.35,10.81,10.25,10.78,35477816.0,3344759,65536
20220520,10.7,10.99,10.58,10.85,28027026.0,2589900,65536
20220523,10.86,11.09,10.79,10.84,19206220.0,1762800,65536
20220524,10.84,11.02,10.38,10.4,21792132.0,2047200,65536
20220525,10.43,10.96,10.39,10.81,25735112.0,2396500,65536
20220526,10.87,11.22,10.66,11.05,33339132.0,3038200,65536
20220527,11.04,11.24,10.91,10.94,16478298.0,1494100,65536
20220530,10.83,11.42,10.83,11.39,36502528.0,3247500,65536
20220531,11.39,11.49,11.23,11.41,19663756.0,1728305,65536
20220601,8.2,8.42,8.1,8.21,41698600.0,5051960,65536
20220602,8.25,8.43,8.07,8.35,27133224.0,3272400,65536
20220606,8.35,8.56,8.32,8.55,59485776.0,7059640,65536
20220607,8.51,8.51,8.2,8.41,58481628.0,7048860,65536
20220608,8.35,8.48,8.14,8.27,43909008.0,5308600,65536
20220609,8.27,8.27,8.05,8.15,25498090.0,3134300,65536
20220610,8.09,8.22,8.0,8.18,18383938.0,2247540,65536
20220613,8.18,8.2,8.0,8.04,19909238.0,2456320,65536
20220614,8.38,8.84,7.67,7.99,272356896.0,31857889,65536
20220615,7.39,7.66,7.31,7.46,173093744.0,23182487,65536
20220616,7.37,7.49,7.31,7.31,68131648.0,9234967,65536
20220617,7.25,7.35,7.21,7.28,41623100.0,5722834,65536
20220620,7.29,7.49,7.28,7.44,54699272.0,7376914,65536
20220621,7.5,7.61,7.38,7.5,47584492.0,6343980,65536
20220622,7.53,7.53,7.39,7.41,26890054.0,3606360,65536
20220623,7.4,7.57,7.38,7.56,36749880.0,4900080,65536
20220624,7.56,8.16,7.53,7.99,89088376.0,11223118,65536
20220627,7.91,8.62,7.91,8.56,103087392.0,12306780,65536
20220628,8.58,8.9,8.51,8.77,120447000.0,13770972,65536
20220629,8.81,8.81,8.21,8.25,93246800.0,11059361,65536
20220630,8.39,8.49,8.18,8.22,49534800.0,5977760,65536
20220701,8.19,8.35,8.05,8.2,39607336.0,4847190,65536
20220704,8.15,8.36,8.08,8.18,41311600.0,5047126,65536
20220705,8.18,8.42,8.08,8.2,45980424.0,5603980,65536
20220706,8.18,8.25,8.02,8.18,41470672.0,5099420,65536
20220707,8.17,8.3,8.05,8.09,43178380.0,5304283,65536
20220708,8.09,8.36,8.05,8.16,43238348.0,5281500,65536
20220711,8.11,8.17,8.03,8.16,29878962.0,3691919,65536
20220712,8.16,8.16,7.9,7.91,33601144.0,4200566,65536
20220713,7.91,8.06,7.91,8.06,22886238.0,2854026,65536
20220714,8.06,8.13,8.0,8.04,20669796.0,2566060,65536
20220715,8.1,8.1,7.84,7.84,25394298.0,3209413,65536
20220718,7.86,8.15,7.83,8.13,38948856.0,4819440,65536
20220719,8.1,8.19,8.05,8.13,21302244.0,2626540,65536
20220720,8.18,8.26,8.12,8.22,22547198.0,2750364,65536
20220721,8.24,8.54,8.2,8.38,54938952.0,6557900,65536
20220722,8.36,8.47,8.22,8.39,32856178.0,3947180,65536
20220725,8.39,9.2,8.27,8.6,150722016.0,17386856,65536
20220726,9.0,9.11,8.32,8.64,185083408.0,21448344,65536
20220727,8.51,9.5,8.51,9.12,287659904.0,31282771,65536
20220728,9.0,9.13,8.77,8.85,190060112.0,21341235,65536
20220729,8.85,8.9,8.62,8.68,110400264.0,12645040,65536
20220801,8.69,8.85,8.57,8.72,73044800.0,8382714,65536
20220802,8.6,8.6,8.22,8.33,93971192.0,11189980,65536
20220803,8.37,8.82,8.37,8.41,83750992.0,9727260,65536
20220804,8.49,8.9,8.49,8.71,62689244.0,7242758,65536
20220805,8.57,8.68,8.42,8.53,50912204.0,5975100,65536
20220808,8.5,8.65,8.23,8.64,43579676.0,5115260,65536
20220809,8.58,8.81,8.58,8.71,49643464.0,5700867,65536
20220810,8.71,8.83,8.61,8.82,44767008.0,5119099,65536
20220811,8.77,8.84,8.7,8.77,47739220.0,5450280,65536
20220812,8.78,9.0,8.73,8.78,56560944.0,6390000,65536
20220815,8.76,8.9,8.63,8.88,46058048.0,5234220,65536
20220816,8.87,8.95,8.77,8.83,35354840.0,4004460,65536
20220817,8.83,8.84,8.7,8.8,41553820.0,4732440,65536
20220818,8.75,8.85,8.71,8.81,35220676.0,4013940,65536
20220819,8.83,8.89,8.65,8.65,46947540.0,5377580,65536
20220822,8.63,8.72,8.5,8.68,30601416.0,3558039,65536
20220823,8.68,8.8,8.58,8.75,37685012.0,4329820,65536
20220824,8.75,8.78,8.4,8.4,43983832.0,5164020,65536
20220825,8.42,8.51,8.16,8.29,39411268.0,4756640,65536
20220826,8.33,8.43,8.16,8.19,23615340.0,2852200,65536
20220829,8.14,8.54,7.73,8.48,44841396.0,5385140,65536
20220830,8.53,8.68,8.34,8.39,38943180.0,4595120,65536
20220831,8.39,8.5,7.96,8.02,42442556.0,5209140,65536
20220901,8.04,8.3,7.92,7.98,23495008.0,2922080,65536
20220902,8.0,8.14,7.92,8.14,19698138.0,2444040,65536
20220905,8.15,8.28,8.0,8.18,30152734.0,3702172,65536
20220906,8.19,8.24,8.13,8.2,21618190.0,2644472,65536
20220907,8.24,8.24,8.13,8.17,17680760.0,2164820,65536
20220908,8.18,8.22,8.04,8.05,15609542.0,1924640,65536
20220909,8.05,8.12,7.96,8.12,17446992.0,2165300,65536
20220913,8.13,8.22,8.04,8.06,19265256.0,2371420,65536
20220914,7.98,8.17,7.94,8.15,22964186.0,2838926,65536
20220915,8.2,8.23,7.84,8.02,31088870.0,3892280,65536
20220916,8.01,8.02,7.7,7.71,20100858.0,2565900,65536
20220919,7.7,7.81,7.43,7.48,21928244.0,2907460,65536
20220920,7.55,7.68,7.55,7.59,12221938.0,1609660,65536
20220921,7.51,7.7,7.5,7.68,12737804.0,1672760,65536
20220922,7.6,7.74,7.59,7.59,10225993.0,1336620,65536
20220923,7.59,7.64,7.35,7.39,14846869.0,1990840,65536
20220926,7.37,7.37,7.15,7.17,14131998.0,1950020,65536
20220927,7.28,7.38,7.19,7.37,17367768.0,2381520,65536
20220928,7.35,8.11,7.34,7.75,109037064.0,13968373,65536
20220929,7.61,8.53,7.4,8.53,186270672.0,22623047,65536
20220930,9.38,9.38,9.07,9.38,231224384.0,24662488,65536
20221010,8.8,9.15,8.44,8.8,371025440.0,42272896,65536
20221011,8.6,8.79,8.4,8.67,227057504.0,26308500,65536
20221012,8.52,8.92,8.37,8.92,254284864.0,29211468,65536
20221013,8.7,8.87,8.6,8.69,202599552.0,23257557,65536
20221014,8.61,9.56,8.61,9.56,275839424.0,30017603,65536
20221017,10.0,10.52,9.76,10.13,745584448.0,72520693,65536
20221018,9.66,9.85,9.42,9.61,436902688.0,45262758,65536
20221019,9.45,9.47,9.15,9.24,275562848.0,29734021,65536
20221020,9.25,9.44,8.72,8.8,312324640.0,34196373,65536
20221021,8.7,8.87,8.46,8.59,192348944.0,22360585,65536
20221024,8.55,8.9,8.48,8.89,215873632.0,24699580,65536
20221025,8.75,8.86,8.01,8.77,175154176.0,20424680,65536
20221026,8.65,9.15,8.56,8.99,199020720.0,22427279,65536
20221027,8.88,8.93,8.7,8.72,130113768.0,14812085,65536
20221028,8.56,8.66,7.85,7.88,170192880.0,20826440,65536
20221031,7.85,8.12,7.5,7.92,87168984.0,10955880,65536
20221101,7.95,8.09,7.84,8.07,76937080.0,9631620,65536
20221102,8.04,8.17,7.99,8.08,84159800.0,10405389,65536
20221103,7.99,8.16,7.88,8.07,65849988.0,8154129,65536
20221104,8.01,8.27,8.01,8.14,87515712.0,10745980,65536
20221107,8.18,8.29,8.12,8.23,76389616.0,9316587,65536
20221108,8.17,8.2,8.02,8.18,59997000.0,7379460,65536
20221109,8.15,8.35,8.13,8.3,75332112.0,9120148,65536
20221110,8.25,8.37,8.16,8.19,78544936.0,9500338,65536
20221111,8.3,8.45,8.2,8.23,101304240.0,12193080,65536
20221114,8.11,8.28,8.03,8.15,58631384.0,7175985,65536
20221115,8.16,8.44,8.16,8.44,99427152.0,11920372,65536
20221116,8.44,8.56,8.37,8.56,94768512.0,11180338,65536
20221117,8.58,8.59,8.44,8.5,71168768.0,8372320,65536
20221118,8.49,8.67,8.47,8.56,110224416.0,12878547,65536
20221121,8.69,9.42,8.65,9.42,211328368.0,23050942,65536
20221124,10.36,10.36,10.36,10.36,23345016.0,2253380,65536
20221125,11.4,11.4,11.33,11.4,224735312.0,19714360,65536
20221128,11.89,12.3,10.76,11.14,776165184.0,67874382,65536
20221129,11.03,11.4,10.17,10.22,529584896.0,49264869,65536
20221130,10.25,10.57,10.02,10.45,401950240.0,38985817,65536
20221201,10.12,10.36,9.87,10.08,339151328.0,33605758,65536
20221202,9.88,10.05,9.78,9.96,202467216.0,20462000,65536
20221205,9.94,9.96,9.72,9.84,185212848.0,18857827,65536
20221206,9.85,9.87,9.53,9.63,139094480.0,14399887,65536
20221207,9.6,9.73,9.55,9.67,112277616.0,11615640,65536
20221208,9.66,9.8,9.6,9.62,132988504.0,13720460,65536
20221209,9.61,10.08,9.51,10.01,267563664.0,26982687,65536
20221212,10.02,10.15,9.75,9.75,183635328.0,18467934,65536
20221213,9.53,9.76,9.47,9.68,109492856.0,11365101,65536
20221214,9.56,9.73,9.2,9.29,129809648.0,13831120,65536
20221215,9.29,9.72,9.24,9.71,129388640.0,13566200,65536
20221216,9.7,9.7,9.36,9.49,72187800.0,7633500,65536
20221219,9.48,9.6,8.7,8.8,155948752.0,17471272,65536
20221220,8.81,9.23,8.72,9.14,123602680.0,13626667,65536
20221221,9.14,9.2,8.84,8.96,68711528.0,7648880,65536
20221222,8.96,9.04,8.65,8.74,50788748.0,5785060,65536
20221223,8.68,8.76,8.56,8.63,37455660.0,4333140,65536
20221226,8.62,8.81,8.61,8.8,55917768.0,6391784,65536
20221227,8.96,9.0,8.52,8.64,65798896.0,7578247,65536
20221228,8.56,8.69,8.38,8.41,48303124.0,5714540,65536
20221229,8.38,8.52,8.37,8.45,36769264.0,4351500,65536
20221230,8.5,9.07,8.47,8.92,139507568.0,15805253,65536
20230103,9.01,9.38,8.98,9.38,109847128.0,11902340,65536
20230104,9.3,9.37,9.03,9.09,94223424.0,10292737,65536
20230105,9.15,9.25,8.98,9.2,73350032.0,8013020,65536
20230106,9.3,9.52,9.19,9.33,84304864.0,9016620,65536
20230109,9.37,9.49,9.26,9.42,58199356.0,6191820,65536
20230110,9.37,9.42,9.17,9.25,44090248.0,4748000,65536
20230111,9.26,9.32,9.09,9.09,42508536.0,4627580,65536
20230112,9.04,9.25,9.04,9.2,51027720.0,5574940,65536
20230113,9.19,9.21,9.0,9.06,35374004.0,3896640,65536
20230116,9.06,9.19,9.05,9.14,32129686.0,3519740,65536
20230117,9.18,9.28,9.05,9.09,31063756.0,3407200,65536
20230118,9.1,9.14,9.04,9.08,22401508.0,2464520,65536
20230119,9.02,9.14,8.98,9.04,36514320.0,4037360,65536
20230120,9.1,9.25,9.06,9.18,41769356.0,4551480,65536
20230130,9.34,9.5,9.33,9.44,85551056.0,9093300,65536
20230131,9.19,9.49,9.18,9.48,63706188.0,6776057,65536
20230201,9.54,9.67,9.45,9.61,74911808.0,7846380,65536
20230202,9.65,10.57,9.52,10.57,170292208.0,16466428,65536
20230203,10.82,10.99,10.15,10.36,439348096.0,42273973,65536
20230206,10.36,10.44,10.06,10.17,188204608.0,18514807,65536
20230207,10.35,10.35,10.04,10.25,160076768.0,15725588,65536
20230208,10.13,10.26,10.0,10.04,147740368.0,14627391,65536
20230209,10.05,10.24,9.95,10.2,129254408.0,12723860,65536
20230210,10.17,10.36,10.09,10.19,98342264.0,9644900,65536
20230213,10.16,10.55,10.15,10.54,224517136.0,21505779,65536
20230214,10.51,10.73,10.37,10.45,140608384.0,13396305,65536
20230215,10.42,10.61,10.4,10.54,118645168.0,11306421,65536
20230216,10.55,10.6,10.14,10.2,123929024.0,11946601,65536
20230217,10.18,10.49,10.18,10.27,85310680.0,8264860,65536
20230220,10.24,10.32,10.1,10.3,58770992.0,5745940,65536
20230221,10.4,10.6,10.27,10.36,97385384.0,9338856,65536
20230222,10.3,10.52,10.24,10.42,86826280.0,8343480,65536
20230223,10.43,10.47,10.25,10.36,48793212.0,4725600,65536
20230224,10.37,10.45,10.27,10.38,46985548.0,4538420,65536
20230227,10.38,10.65,10.27,10.34,105724800.0,10124041,65536
20230228,10.3,10.55,10.25,10.54,96806248.0,9253740,65536
20230301,10.53,10.78,10.49,10.76,143615440.0,13448080,65536
20230302,10.72,10.97,10.5,10.59,168516816.0,15758887,65536
20230303,10.59,10.7,10.43,10.44,90024144.0,8572460,65536
20230306,10.43,10.94,10.37,10.83,169375952.0,15755800,65536
20230307,10.85,10.9,10.63,10.73,138087712.0,12827540,65536
20230308,10.78,10.86,10.63,10.79,70561144.0,6560680,65536
20230309,10.78,11.87,10.61,11.87,322785152.0,28428085,65536
20230310,11.84,12.04,11.26,11.42,301584736.0,26055336,65536
20230313,11.36,11.63,11.27,11.43,136317696.0,11920250,65536
20230314,11.39,11.76,11.35,11.76,202474272.0,17481503,65536
20230315,11.75,12.84,11.63,12.45,269364096.0,22050429,65536
20230316,12.15,12.79,12.02,12.27,153878608.0,12428440,65536
20230317,12.28,12.39,11.63,11.67,185690160.0,15440228,65536
20230320,11.73,12.29,11.38,12.09,177895248.0,15003700,65536
20230321,11.84,12.15,11.68,12.02,131795480.0,11052012,65536
20230322,11.91,12.58,11.81,12.25,180457392.0,14626187,65536
20230323,12.1,12.5,11.95,12.18,119368016.0,9762307,65536
20230324,12.18,12.3,11.75,12.3,119495112.0,9934000,65536
20230327,12.2,12.33,11.92,12.13,127591968.0,10525900,65536
20230328,12.14,12.16,11.84,11.87,92730064.0,7752260,65536
20230329,11.79,12.91,11.76,12.47,178744416.0,14465460,65536
20230330,12.35,12.9,12.23,12.85,166082272.0,13138267,65536
20230331,12.75,13.49,12.55,13.23,191330608.0,14498420,65536
20230403,13.23,13.51,12.93,13.02,152541248.0,11620500,65536
20230404,13.0,14.15,12.77,13.48,208117376.0,15628180,65536
20230406,13.52,13.87,13.23,13.28,177632192.0,13146840,65536
20230407,13.28,13.58,12.85,13.31,164896000.0,12566160,65536
20230410,13.31,13.45,12.57,12.62,148891840.0,11492240,65536
20230411,12.6,12.72,12.19,12.29,138177488.0,11152380,0
