date,open,high,low,close,amout,vol,str07
20050104,995.47,995.47,979.91,984.05,1104253824.0,1930561,0
20050105,983.68,995.93,980.95,993.02,1215361664.0,2060344,0
20050106,993.81,994.15,982.84,985.24,1101417856.0,1878605,0
20050107,985.4,997.39,983.11,986.09,1197847040.0,1962317,0
20050110,985.25,993.25,980.17,992.88,1058346432.0,1724679,0
20050111,992.64,998.48,990.96,997.81,1088550656.0,1682194,0
20050112,997.11,997.2,989.07,995.92,752804608.0,1279238,0
20050113,994.62,996.46,991.7,993.52,972391360.0,1804723,0
20050114,993.27,1003.78,985.71,986.86,1380067712.0,2961321,0
20050117,979.28,980.25,959.48,961.4,1420627072.0,2680114,0
20050118,960.47,963.84,949.54,963.18,1450889856.0,2950631,0
20050119,963.29,964.06,954.9,956.7,1282232832.0,2828490,0
20050120,952.79,952.79,939.02,943.54,1531526912.0,3060828,0
20050121,942.0,969.42,933.59,967.73,2345833216.0,4648884,0
20050124,985.0,989.68,968.23,979.68,2353849088.0,4670341,0
20050125,976.73,978.57,967.27,978.43,1394843904.0,2674026,0
20050126,977.37,979.12,968.91,970.64,1042344256.0,2010174,0
20050127,967.25,968.72,958.19,959.26,1202960000.0,2468394,0
20050128,957.7,960.72,951.05,953.84,849785024.0,1689539,0
20050131,950.28,951.14,939.99,942.54,1058391488.0,2020834,0
20050201,941.17,953.42,940.29,946.29,1041499136.0,1997723,0
20050202,946.42,991.77,946.42,991.44,2637058304.0,4862214,0
20050203,985.75,999.18,974.95,976.82,2597509888.0,4850167,0
20050204,974.57,998.65,970.12,994.6,2160963840.0,4023318,0
20050216,1001.04,1008.71,995.93,999.17,1602788608.0,2990183,0
20050217,1001.65,1001.65,986.43,993.88,1314781184.0,2416077,0
20050218,993.67,994.13,982.05,982.92,1019618240.0,1950805,0
20050221,982.17,1002.17,982.17,1001.93,1455858944.0,2663894,0
20050222,1002.93,1021.26,999.72,1018.92,2753408768.0,4889921,0
20050223,1019.62,1020.47,1010.45,1014.83,2700062720.0,4611517,0
20050224,1013.08,1013.08,1004.07,1011.8,1764385664.0,2976472,0
20050225,1011.78,1023.65,1011.71,1012.87,2861435648.0,4565305,0
20050228,1012.91,1014.39,1003.99,1008.46,1880822656.0,3221808,0
20050301,1008.67,1009.38,998.36,1003.57,1544581632.0,2559622,0
20050302,1003.56,1017.21,998.83,999.66,2607866880.0,4132711,0
20050303,998.84,1006.76,994.81,1006.49,1358948992.0,2365104,0
20050304,1006.21,1013.98,1006.21,1007.12,1709363968.0,2830298,0
20050307,1008.07,1014.74,1008.07,1011.17,1395818752.0,2246181,0
20050308,1016.12,1028.64,1013.51,1027.82,2637693440.0,4189457,0
20050309,1030.16,1035.14,1020.34,1023.73,3164522752.0,5616248,0
20050310,1022.92,1022.92,999.13,1002.36,2442425600.0,4647077,0
20050311,1000.88,1010.21,998.18,1009.66,1947863808.0,3194507,0
20050314,1008.91,1024.96,998.62,1016.37,2745639936.0,4327785,0
20050315,1015.49,1015.49,992.0,994.58,2540718592.0,4162552,0
20050316,992.21,992.78,977.75,984.53,1825871872.0,2891854,0
20050317,985.45,988.25,976.89,978.54,1691831040.0,2654799,0
20050318,977.32,979.66,962.57,964.87,1622265728.0,2668278,0
20050321,964.19,969.32,960.3,968.05,1305516928.0,2178607,0
20050322,967.55,968.86,949.85,957.15,2149785088.0,3946990,0
20050323,955.53,964.94,948.5,950.26,1945656832.0,3325262,0
20050324,948.71,956.62,941.76,955.89,1827106304.0,3164767,0
20050325,955.4,960.27,951.22,956.13,1289197824.0,2473053,0
20050328,954.28,954.49,944.64,954.49,1020161920.0,1733313,0
20050329,954.84,961.36,948.98,949.69,1424023808.0,2285445,0
20050330,947.34,947.34,932.87,933.78,1529143552.0,2783123,0
20050331,930.85,939.23,924.9,939.23,1282064128.0,2402581,0
20050401,939.21,982.18,933.44,970.13,2578351616.0,4538944,0
20050404,961.36,967.44,950.43,957.32,1890623488.0,3198508,0
20050405,954.77,963.83,948.92,950.94,1634299008.0,2653769,0
20050406,951.72,980.9,951.29,976.9,2556826368.0,3943601,0
20050407,978.25,999.86,976.8,978.19,3379643392.0,5475460,0
20050408,977.84,992.65,972.15,992.49,2280012800.0,3710276,0
20050411,992.08,992.08,978.51,983.02,2173772288.0,3504156,0
20050412,981.15,981.78,967.4,968.29,1420915968.0,2251004,0
20050413,976.26,993.41,976.26,986.32,2344380160.0,3805823,0
20050414,989.14,990.06,974.15,974.92,1540313472.0,2523467,0
20050415,970.94,970.94,962.18,964.42,1438967808.0,2269368,0
20050418,961.49,961.49,948.83,953.89,1507565824.0,2372117,0
20050419,952.7,956.91,947.52,955.4,1283181312.0,2033920,0
20050420,955.02,955.02,938.74,942.1,1238329344.0,2115955,0
20050421,940.02,948.28,935.16,940.54,1604838016.0,2572612,0
20050422,939.98,947.04,937.07,940.64,1517936384.0,2518592,0
20050425,938.26,938.26,924.79,932.85,1572722944.0,2987141,0
20050426,931.7,940.97,926.94,936.04,1651575168.0,2936540,0
20050427,939.33,939.96,927.21,928.2,1429834624.0,2443965,0
20050428,925.98,948.07,921.8,944.75,1950099584.0,3500173,0
20050429,944.37,948.91,937.76,940.0,1686790016.0,3060312,0
20050509,942.13,944.67,923.89,924.04,1171257728.0,2097775,0
20050510,922.3,922.3,900.37,920.44,1937677184.0,3168977,0
20050511,919.32,923.66,908.52,909.93,1142349824.0,2009049,0
20050512,907.56,907.56,892.61,893.68,1537858816.0,2371532,0
20050513,891.5,906.26,886.63,895.25,1351063936.0,2427387,0
20050516,892.19,892.64,877.7,883.51,1066309056.0,1919313,0
20050517,881.41,895.06,876.62,888.12,999724608.0,1962912,0
20050518,888.11,898.49,877.69,889.2,1248582912.0,2018543,0
20050519,888.62,893.88,876.49,891.7,1200910336.0,2451911,0
20050520,890.93,897.0,886.24,891.19,765434752.0,1458534,0
20050523,889.81,889.81,874.64,876.05,866071168.0,1739343,0
20050524,874.48,880.88,866.33,878.48,1194165888.0,2395317,0
20050525,877.94,884.69,872.37,878.19,813324608.0,1616800,0
20050526,876.52,880.35,859.17,861.29,1011706304.0,1885058,0
20050527,859.21,866.45,850.68,852.01,1241028608.0,2522179,0
20050530,849.84,861.22,843.81,858.14,914844480.0,1808742,0
20050531,859.29,867.72,858.57,860.61,948961856.0,1973215,0
20050601,859.92,862.87,839.71,840.98,998565312.0,1855326,0
20050602,838.34,838.34,810.51,815.88,1474361344.0,2855908,0
20050603,813.05,819.24,806.05,816.76,952571200.0,1897760,0
20050606,816.05,841.51,810.58,841.34,1254470016.0,2460434,0
20050607,843.76,857.68,834.43,835.53,1776235904.0,3444216,0
20050608,853.59,907.09,844.19,904.55,4697160192.0,9173797,0
20050609,904.38,924.69,892.76,913.65,5012734976.0,9530563,0
20050610,912.35,912.35,888.03,893.99,3041281792.0,5645437,0
20050613,893.6,897.78,877.64,893.32,1956715904.0,3998978,0
20050614,894.85,906.55,886.16,886.93,1913889536.0,3643684,0
20050615,884.97,885.18,873.84,876.21,1522250112.0,2694819,0
20050616,876.3,891.18,871.9,890.63,2037214208.0,3557951,0
20050617,892.58,897.36,888.23,896.37,2541201920.0,4637045,0
20050620,897.74,922.67,893.14,922.65,2969435392.0,6186751,0
20050621,922.45,922.45,911.87,913.02,1720399872.0,3534429,0
20050622,912.31,919.82,909.25,919.5,1440275328.0,2873454,0
20050623,918.5,922.45,912.14,913.07,1288770816.0,2536071,0
20050624,912.75,920.06,910.08,920.06,1414297984.0,3141615,0
20050627,924.4,938.69,924.4,934.94,2266041344.0,4813228,0
20050628,932.57,932.57,921.84,925.08,1350155392.0,3010071,0
20050629,924.3,925.61,915.11,915.9,1157241216.0,2299629,0
20050630,915.29,915.29,896.93,899.37,1310771712.0,2664283,0
20050701,896.7,896.7,881.99,883.13,1166572928.0,2374573,0
20050704,880.14,882.17,869.56,881.58,1077983616.0,2467573,0
20050705,880.22,884.63,873.72,878.82,1969760000.0,2955631,0
20050706,879.25,882.18,867.92,871.55,1067339328.0,1953084,0
20050707,871.13,877.05,868.12,873.38,954551552.0,2069058,0
20050708,871.3,871.3,858.63,861.41,999210624.0,2048302,0
20050711,871.34,882.4,856.17,857.77,1135075200.0,2379765,0
20050712,854.18,885.92,851.11,882.85,2122949376.0,4379215,0
20050713,882.62,882.62,872.92,876.06,1107042816.0,2232236,0
20050714,873.56,886.33,871.31,881.46,1502897536.0,2934207,0
20050715,880.71,884.68,870.0,873.91,1194545280.0,2598326,0
20050718,872.25,874.3,864.46,867.9,974515840.0,2333957,0
20050719,866.94,873.02,862.64,868.83,963818688.0,2260153,0
20050720,868.91,877.69,865.3,876.98,1172328576.0,2685887,0
20050721,877.32,879.51,873.76,879.34,1054980928.0,1962510,0
20050722,885.9,903.32,882.73,897.6,2756679168.0,6458173,0
20050725,896.32,899.43,892.24,896.78,1515062144.0,3055045,0
20050726,896.82,922.22,896.71,917.64,3496911872.0,7709192,0
20050727,917.74,931.7,916.14,931.7,2335992320.0,4956494,0
20050728,931.69,936.3,924.95,927.01,2401996544.0,5138895,0
20050729,925.53,926.96,918.78,922.59,1564053120.0,3458754,0
20050801,922.17,930.97,921.05,925.25,1125587072.0,2451228,0
20050802,925.88,934.5,922.3,934.41,1468237824.0,3248120,0
20050803,936.07,941.9,932.82,933.1,2462601472.0,5146268,0
20050804,931.13,934.61,927.26,930.36,1541630720.0,3469897,0
20050805,930.37,948.45,929.97,947.95,1983254656.0,4158109,0
20050808,950.27,955.36,945.11,948.07,2486040064.0,4891325,0
20050809,948.55,952.72,940.97,952.22,2033345152.0,4117163,0
20050810,952.66,961.87,948.63,961.87,2528512000.0,5719876,0
20050811,962.74,977.82,962.57,977.82,3739751680.0,7807826,0
20050812,978.07,979.84,958.91,963.11,3388558592.0,7296921,0
20050815,961.7,973.23,957.16,973.21,2641045504.0,5454022,0
20050816,973.61,977.38,956.03,961.86,3248256000.0,5746963,0
20050817,960.53,969.36,947.5,969.36,2529089024.0,4939044,0
20050818,970.38,972.85,938.03,940.68,4012306176.0,8190329,0
20050819,937.21,946.33,931.09,940.55,2497728000.0,5186460,0
20050822,941.09,949.56,935.91,947.86,1897321472.0,3734208,0
20050823,947.61,947.61,933.23,942.07,2042144384.0,4046273,0
20050824,942.23,955.54,942.23,948.85,2049572096.0,4230891,0
20050825,949.73,952.37,940.65,948.99,2088046720.0,4297530,0
20050826,949.12,949.92,940.89,946.58,1741449600.0,3547523,0
20050829,946.75,947.75,933.25,938.48,1815721984.0,3865759,0
20050830,937.74,940.98,933.19,937.21,1456657408.0,2956376,0
20050831,938.38,950.86,936.0,950.31,1988078592.0,3903128,0
20050901,951.02,964.29,948.76,964.14,2691046400.0,5623444,0
20050902,964.83,967.27,960.52,967.27,2193100288.0,4539570,0
20050905,967.94,968.99,960.52,967.14,2008170240.0,4544568,0
20050906,967.74,969.56,950.84,952.97,2697754368.0,5398306,0
20050907,950.91,964.34,947.49,963.83,2498923264.0,4960966,0
20050908,965.48,971.29,960.54,965.74,2960249856.0,5470735,0
20050909,965.59,970.93,956.57,959.99,2074619136.0,4354848,0
20050912,961.02,961.51,953.58,956.84,1547021440.0,3151375,0
20050913,956.64,972.4,956.64,972.03,2115562752.0,4354392,0
20050914,973.36,978.18,968.53,977.86,2669028608.0,5166721,0
20050915,978.14,979.45,974.6,979.02,2308886272.0,4566739,0
20050916,979.59,980.04,970.7,973.21,1947256448.0,3927048,0
20050919,972.98,977.22,969.53,976.59,2151432448.0,3983727,0
20050920,977.1,979.0,963.39,968.44,2523023104.0,5010891,0
20050921,967.94,967.94,950.21,952.13,2246112768.0,4906230,0
20050922,951.15,951.75,928.74,936.55,2089041792.0,4378027,0
20050923,935.36,939.78,929.65,930.86,1372404224.0,2830903,0
20050926,930.47,932.89,927.18,932.63,948785024.0,1990232,0
20050927,932.76,934.75,916.55,917.97,1435720320.0,3111517,0
20050928,917.32,922.4,912.79,916.09,1137545088.0,2318943,0
20050929,916.73,929.24,916.73,929.24,1649118208.0,3562952,0
20050930,929.97,930.74,925.72,929.51,1050315456.0,2154400,0
20051010,928.89,929.15,918.78,919.98,929877824.0,1964655,0
20051011,919.52,930.54,916.71,930.5,991605632.0,1946805,0
20051012,930.46,931.22,923.54,928.96,1745980672.0,3422917,0
20051013,928.36,929.87,916.93,917.52,1579709312.0,2884225,0
20051014,917.95,919.45,896.58,898.99,1782722432.0,3315828,0
20051017,896.77,896.77,876.97,883.42,1792442112.0,3629193,0
20051018,882.0,887.99,878.09,887.48,1518820224.0,3090746,0
20051019,887.66,893.73,881.22,884.35,1580962560.0,3542948,0
20051020,882.62,886.47,876.58,886.09,1162547200.0,2506210,0
20051021,886.07,889.45,882.12,885.7,1316596864.0,2657051,0
20051024,885.03,885.72,879.66,884.18,961639552.0,1962712,0
20051025,883.52,883.52,868.28,869.46,1374809728.0,2684864,0
20051026,867.45,867.45,855.47,857.51,1190993152.0,2606529,0
20051027,855.6,867.35,854.06,864.05,1343184896.0,2649778,0
20051028,863.72,870.27,852.55,861.08,1385811840.0,3348287,0
20051031,859.5,874.33,858.34,872.54,1277945728.0,2911316,0
20051101,872.27,873.11,858.88,868.95,1153685120.0,2594740,0
20051102,869.46,880.38,869.46,876.52,1466585344.0,3407530,0
20051103,875.96,880.15,866.26,869.39,1303274752.0,3015947,0
20051104,869.02,873.59,866.43,873.59,1199871104.0,2576340,0
20051107,872.62,873.29,866.92,872.92,800643648.0,1822169,0
20051108,872.26,877.57,866.33,875.93,1158909184.0,2798346,0
20051109,876.15,880.63,869.87,870.41,1506119936.0,3333863,0
20051110,870.63,870.63,853.03,854.46,1462880000.0,3170353,0
20051111,852.58,857.73,846.68,855.88,1273786624.0,2800307,0
20051114,855.5,855.5,849.47,853.6,846709696.0,1883802,0
20051115,854.02,858.96,845.55,848.85,1055768064.0,2263328,0
20051116,848.63,853.23,840.57,853.01,946896960.0,2112334,0
20051117,852.3,855.48,848.53,854.53,859280576.0,2237958,0
20051118,854.48,875.36,852.93,869.78,1824502016.0,4199246,0
20051121,870.57,873.35,867.36,872.21,1099791360.0,2442197,0
20051122,871.51,871.51,857.06,857.09,894443456.0,2078122,0
20051123,855.94,861.84,853.27,861.17,676561856.0,1513910,0
20051124,860.73,869.6,859.74,865.67,1076670848.0,2154264,0
20051125,865.52,867.99,862.2,867.99,697692672.0,1503789,0
20051128,867.48,871.79,863.96,866.74,921220608.0,1967013,0
20051129,865.75,866.28,856.23,857.03,755013056.0,1671231,0
20051130,856.58,858.25,851.89,857.82,693198848.0,1501248,0
20051201,856.99,860.97,853.47,856.01,710124800.0,1534610,0
20051202,856.34,859.44,848.02,852.58,935344576.0,1888520,0
20051205,851.52,851.52,844.2,845.07,857794560.0,1826336,0
20051206,844.23,851.72,841.0,851.45,1076385920.0,2288023,0
20051207,850.84,860.83,849.96,860.7,982396928.0,2059611,0
20051208,861.65,865.4,856.68,860.92,956005632.0,1987446,0
20051209,861.02,873.46,857.76,872.31,1198472960.0,2667626,0
20051212,873.1,873.77,868.86,872.24,1098896256.0,2268309,0
20051213,871.31,872.17,864.23,871.88,1227002880.0,2550626,0
20051214,871.22,876.65,864.83,875.89,1543493888.0,3023592,0
20051215,876.3,882.67,875.3,876.78,1970666496.0,4422827,0
20051216,876.39,882.95,874.8,882.18,1250197632.0,2550231,0
20051219,881.51,884.35,878.61,882.54,1250932736.0,2679178,0
20051220,882.6,886.98,879.9,886.98,1201606400.0,2451794,0
20051221,886.82,893.0,883.85,886.18,1527769472.0,3061203,0
20051222,885.39,892.86,883.75,892.36,1407396608.0,2781156,0
20051223,892.34,898.21,890.92,898.09,1809412992.0,3596701,0
20051226,898.67,902.77,896.79,900.26,2169839872.0,4261677,0
20051227,900.93,901.33,893.26,897.19,1793892608.0,3556414,0
20051228,897.21,899.95,892.58,899.92,1976298240.0,4028568,0
20051229,900.08,910.92,900.05,910.92,2617169408.0,5132018,0
20051230,912.35,913.81,898.07,900.07,2389096192.0,4621135,0
20060104,898.96,910.64,898.17,909.54,2805248768.0,5558190,0
20060105,911.25,932.06,910.06,931.63,4107915776.0,7560736,0
20060106,932.4,946.97,925.77,941.39,4661685248.0,8832825,0
20060109,942.28,943.48,935.91,942.66,3212860160.0,6369787,0
20060110,942.72,942.72,929.84,939.3,3089765632.0,5766932,0
20060111,938.68,939.87,927.17,931.09,3200000256.0,6164925,0
20060112,929.15,940.82,926.82,938.94,2918286336.0,5641806,0
20060113,940.03,942.05,929.34,933.31,2545019392.0,4903782,0
20060116,933.13,933.13,917.21,917.59,2575828736.0,5099995,0
20060117,915.6,919.8,913.89,917.87,1963342976.0,3868389,0
20060118,917.39,934.09,916.65,933.2,2554720000.0,5210969,0
20060119,933.8,938.41,926.71,938.25,2956308992.0,5964888,0
20060120,937.3,942.52,935.35,938.86,3684219904.0,7384841,0
20060123,938.14,938.91,930.68,936.52,2839021312.0,5776584,0
20060124,939.94,939.94,928.69,930.67,4280139008.0,6840556,0
20060125,930.41,937.51,925.91,934.43,2941039360.0,5534890,0
20060206,935.92,950.32,934.39,950.32,3557042176.0,7203362,0
20060207,951.08,954.73,937.45,947.31,5191608320.0,10135424,0
20060208,947.75,957.62,944.79,957.62,4486627328.0,9340552,0
20060209,957.79,957.79,942.29,943.39,3358872064.0,7171463,0
20060210,943.52,956.14,942.15,954.48,3035151872.0,6603438,0
20060213,955.03,956.87,945.04,952.26,2902137088.0,5836886,0
20060214,953.34,954.09,948.47,953.0,2392376320.0,4865445,0
20060215,953.67,958.99,950.76,955.13,3673575168.0,7730332,0
20060216,954.61,955.18,931.76,933.29,3438620416.0,7208118,0
20060217,932.19,938.91,929.27,932.21,2699976192.0,5352190,0
20060220,930.45,936.01,927.72,928.41,2298223872.0,4499467,0
20060221,927.98,939.75,921.82,939.71,2440879872.0,5263072,0
20060222,940.32,945.41,935.19,936.3,2914652928.0,6214144,0
20060223,936.33,937.9,926.99,934.79,2090798720.0,4511266,0
20060224,935.14,942.86,935.14,942.79,2600249856.0,5416022,0
20060227,943.55,949.35,941.84,943.64,2935192320.0,6068742,0
20060228,942.51,942.7,930.46,942.23,2161025280.0,4505138,0
20060301,941.37,950.08,940.59,949.25,2517051904.0,5183928,0
20060302,942.0,944.84,926.49,928.36,3208994304.0,5904935,0
20060303,929.08,935.9,923.74,935.22,3158638848.0,6053086,0
20060306,934.8,937.39,928.79,931.98,2429318656.0,5540091,0
20060307,931.82,931.83,907.98,910.06,2535180544.0,5377652,0
20060308,907.93,910.2,897.68,904.64,2004962432.0,4297258,0
20060309,904.55,909.58,902.0,904.08,1224138880.0,2638039,0
20060310,904.99,909.26,901.78,904.31,1303721344.0,2681947,0
20060313,903.94,910.36,903.81,909.16,1393296512.0,2827959,0
20060314,909.61,912.73,905.13,909.59,1491255168.0,3236124,0
20060315,909.77,917.47,909.52,917.32,1739426816.0,3566558,0
20060316,916.89,917.57,911.85,913.58,1688713344.0,3528711,0
20060317,912.85,913.25,906.15,908.89,1858875776.0,3870421,0
20060320,908.6,919.9,905.48,919.9,2101376384.0,4229377,0
20060321,920.02,923.74,917.17,919.5,2125955200.0,4363403,0
20060322,919.52,920.67,912.54,920.48,2198000640.0,4488908,0
20060323,920.71,922.09,915.11,922.02,2859256064.0,5607443,0
20060324,922.24,924.11,914.1,914.91,2652190720.0,5309186,0
20060327,916.24,916.58,908.28,916.58,2744365312.0,5351354,0
20060328,916.58,919.99,914.2,918.05,2647159552.0,5408136,0
20060329,919.04,926.67,918.28,922.68,3811725056.0,8384386,0
20060330,923.6,923.6,910.34,910.67,2965865984.0,6226668,0
20060331,910.52,911.86,905.11,911.06,2817570560.0,5911491,0
20060403,912.54,922.0,911.19,921.85,3589644544.0,6908300,0
20060404,922.22,933.09,921.13,932.72,4738177024.0,8957990,0
20060405,933.68,939.59,931.77,939.59,4754632192.0,8953886,0
20060406,939.93,941.37,933.26,934.17,4122819840.0,7890877,0
20060407,934.14,937.87,928.44,937.64,3808965888.0,7380720,0
20060410,938.58,950.4,936.44,950.2,4435395072.0,8460919,0
20060411,951.41,960.23,947.54,956.12,5355575808.0,9890399,0
20060412,956.15,958.35,953.16,953.99,3776659200.0,7044482,0
20060413,953.32,958.85,935.48,935.69,3673207040.0,6931098,0
20060414,931.32,948.57,931.18,948.48,3069905408.0,5741537,0
20060417,953.38,966.54,946.05,960.85,5428375040.0,11246766,0
20060418,960.85,966.55,954.97,961.54,3811184384.0,7652739,0
20060419,965.98,971.99,956.66,964.17,4777062912.0,9763207,0
20060420,965.39,967.43,949.29,953.57,4677640192.0,9475897,0
20060421,954.21,968.91,949.35,967.35,5213732864.0,10158690,0
20060424,971.01,972.28,956.44,961.16,6170116096.0,13205872,0
20060425,958.67,958.67,945.25,952.34,4050780928.0,7788324,0
20060426,950.02,970.32,949.59,968.97,5765915648.0,10457041,0
20060427,969.8,972.97,960.35,970.34,4406354432.0,8197482,0
20060428,962.25,981.21,953.22,977.65,4377336320.0,8283459,0
20060508,983.27,1014.99,983.27,1014.85,7213271040.0,13056041,0
20060509,1019.24,1042.43,1017.06,1039.35,9316626432.0,16382167,0
20060510,1041.26,1052.38,1024.68,1046.21,7876929024.0,13911278,0
20060511,1045.59,1062.43,1031.69,1031.96,8401618432.0,14638118,0
20060512,1028.73,1069.32,1027.29,1069.32,8137692672.0,13954545,0
20060515,1078.31,1106.05,1067.89,1105.47,11063506944.0,18951019,0
20060516,1107.79,1126.61,1079.44,1084.98,12221262848.0,21712304,0
20060517,1087.12,1105.56,1080.54,1103.21,8957912064.0,15597879,0
20060518,1094.11,1101.71,1077.68,1096.27,7131869696.0,12136676,0
20060519,1104.53,1129.44,1100.72,1126.14,10290154496.0,24266293,0
20060522,1127.94,1145.46,1124.87,1135.02,9933647872.0,18713395,0
20060523,1128.28,1128.28,1092.74,1093.0,8485733376.0,16176472,0
20060524,1094.77,1111.39,1062.04,1081.08,6304448512.0,12456771,0
20060525,1080.74,1087.25,1065.26,1082.77,4989774848.0,9584838,0
20060526,1086.31,1097.45,1083.7,1096.96,4894184448.0,9379067,0
20060529,1103.59,1122.92,1096.51,1122.85,7641375744.0,12817839,0
20060530,1126.6,1126.77,1110.05,1123.77,6537796096.0,11628090,0
20060531,1124.99,1128.12,1104.53,1112.26,6960659968.0,12517333,0
20060601,1111.72,1140.9,1110.93,1140.74,8378273280.0,15437328,0
20060602,1142.86,1145.7,1125.22,1132.42,8641039360.0,15703422,0
20060605,1132.77,1156.66,1122.86,1156.66,7862984192.0,16230030,0
20060606,1158.1,1179.43,1152.82,1163.71,7966665216.0,13409744,0
20060607,1167.52,1167.52,1104.92,1104.98,9355875328.0,15232269,0
20060608,1100.19,1119.72,1083.58,1117.23,8312182272.0,13430839,0
20060609,1116.1,1123.25,1092.46,1093.24,6206825472.0,10701376,0
20060612,1089.65,1100.88,1082.39,1091.93,3754611456.0,6582358,0
20060613,1093.66,1099.93,1079.58,1088.08,3739908352.0,6506672,0
20060614,1085.28,1085.28,1072.05,1084.84,3439049728.0,6127917,0
20060615,1084.09,1092.68,1079.19,1082.6,2782791424.0,4914522,0
20060616,1084.85,1101.02,1084.85,1100.65,3426330880.0,6058247,0
20060619,1093.71,1113.79,1086.78,1111.09,4206312704.0,7328068,0
20060620,1111.03,1117.47,1105.16,1116.75,4144765952.0,7019377,0
20060621,1117.89,1127.46,1105.13,1118.14,4689394688.0,8815352,0
20060622,1117.17,1120.3,1108.51,1112.25,3472520448.0,6321436,0
20060623,1113.92,1123.39,1108.7,1123.31,3212950016.0,5573401,0
20060626,1127.19,1141.36,1125.17,1140.19,4287262464.0,7543718,0
20060627,1141.65,1143.17,1129.51,1137.29,3577480448.0,6105974,0
20060628,1138.3,1140.61,1129.07,1139.24,3947713536.0,6737583,0
20060629,1141.08,1158.97,1141.08,1158.64,5630977536.0,10674693,0
20060630,1166.92,1173.98,1156.26,1160.78,5263899648.0,9560247,0
20060703,1164.42,1176.02,1157.83,1175.89,5281369600.0,9883930,0
20060704,1179.05,1180.53,1160.34,1166.58,5700158976.0,9567045,0
20060705,1166.11,1166.11,1142.05,1154.77,4675975168.0,8042458,0
20060706,1156.0,1177.48,1155.98,1177.34,5000548864.0,8395325,0
20060707,1180.7,1183.05,1165.88,1167.36,4906093568.0,7694423,0
20060710,1166.39,1166.39,1153.21,1165.08,3726877696.0,6027246,0
20060711,1167.41,1167.73,1158.06,1166.4,3794833920.0,6507091,0
20060712,1166.71,1167.07,1157.67,1158.05,4448391168.0,7800445,0
20060713,1157.3,1157.3,1100.72,1100.72,6560743424.0,11977870,0
20060714,1093.64,1109.7,1089.45,1104.84,3984481280.0,7382194,0
20060717,1103.1,1115.98,1098.34,1115.74,3122753024.0,5922095,0
20060718,1115.61,1116.29,1107.85,1116.29,2639911168.0,4858673,0
20060719,1116.68,1116.68,1092.03,1096.82,3080192000.0,5846980,0
20060720,1095.09,1104.78,1090.11,1103.69,2447908608.0,4599121,0
20060721,1103.65,1111.31,1103.65,1107.78,2333609472.0,4540938,0
20060724,1098.15,1109.75,1086.42,1109.23,2591494400.0,5103271,0
20060725,1110.65,1126.27,1110.65,1122.48,2945717248.0,5506015,0
20060726,1124.73,1125.76,1117.65,1122.37,2361425408.0,4232845,0
20060727,1123.34,1130.64,1108.49,1114.49,3221158144.0,5733803,0
20060728,1114.68,1117.66,1096.69,1104.6,3027807744.0,5111488,0
20060731,1103.17,1103.17,1068.2,1069.33,2917421824.0,5361205,0
20060801,1066.77,1075.31,1055.19,1056.94,2158242560.0,4115995,0
20060802,1057.62,1062.03,1042.2,1052.51,2227233280.0,4215474,0
20060803,1053.48,1058.19,1045.69,1052.88,1771170560.0,3387258,0
20060804,1053.97,1058.71,1031.41,1033.29,2095160576.0,3851684,0
20060807,1029.06,1032.84,1017.84,1019.09,1911750656.0,3883266,0
20060808,1020.12,1040.93,1020.12,1040.72,1863265280.0,3569353,0
20060809,1040.99,1043.23,1035.59,1039.86,1674055936.0,3300745,0
20060810,1040.06,1060.15,1039.92,1060.15,2486076672.0,5596840,0
20060811,1061.0,1063.87,1056.44,1060.41,1935890048.0,3940660,0
20060814,1060.16,1061.63,1032.33,1035.63,1826210432.0,3665939,0
20060815,1034.97,1050.93,1033.2,1050.91,1406116224.0,2836289,0
20060816,1051.63,1060.9,1048.64,1060.47,1905955456.0,3838077,0
20060817,1058.17,1058.17,1046.29,1052.62,1714358912.0,3540484,0
20060818,1052.25,1061.13,1049.91,1050.9,1687397120.0,4137600,0
20060821,1031.37,1052.27,1025.98,1051.81,1561940096.0,3219456,0
20060822,1051.84,1065.06,1051.5,1062.21,1866909440.0,3312734,0
20060823,1062.96,1066.56,1057.81,1060.03,1914705920.0,3563181,0
20060824,1059.78,1067.87,1053.83,1067.65,1677535360.0,3231487,0
20060825,1068.94,1074.68,1068.94,1070.58,2092003840.0,4028384,0
20060828,1073.48,1088.16,1073.42,1088.16,2776173312.0,5275141,0
20060829,1089.13,1097.1,1083.69,1084.18,3053024768.0,5722449,0
20060830,1083.5,1086.43,1078.53,1085.6,1906500864.0,3662531,0
20060831,1085.64,1087.43,1078.44,1082.11,2337273344.0,4416152,0
20060901,1082.35,1083.97,1065.51,1066.57,2252171008.0,4295761,0
20060904,1066.02,1084.36,1065.76,1084.36,2504452352.0,4865431,0
20060905,1087.42,1088.37,1080.06,1085.66,3248142848.0,6022741,0
20060906,1085.94,1092.96,1082.53,1092.96,2629568000.0,5760817,0
20060907,1098.57,1098.64,1080.22,1082.76,3470210304.0,6580404,0
20060908,1082.06,1087.43,1081.35,1084.3,2227530496.0,4350580,0
20060911,1085.51,1088.64,1075.08,1086.77,2243555840.0,4372353,0
20060912,1087.57,1100.76,1086.82,1098.69,3544136192.0,7373247,0
20060913,1099.69,1114.64,1097.67,1098.27,5218996736.0,10925583,0
20060914,1099.34,1103.07,1087.05,1095.98,3153536768.0,6127475,0
20060915,1096.2,1127.33,1095.69,1126.99,5991323648.0,12771856,0
20060918,1132.25,1138.72,1129.31,1138.39,4693641216.0,9335628,0
20060919,1139.67,1141.53,1131.67,1135.62,3851707648.0,7531565,0
20060920,1133.65,1133.65,1124.54,1129.9,3120622592.0,6127109,0
20060921,1130.34,1138.34,1128.28,1131.51,3061712384.0,6049872,0
20060922,1133.71,1135.16,1120.89,1121.37,3351937280.0,6260371,0
20060925,1119.86,1126.96,1109.89,1118.02,2925052928.0,5423692,0
20060926,1117.84,1118.53,1106.94,1112.03,2230759168.0,4593531,0
20060927,1111.2,1118.03,1107.67,1117.86,1990584704.0,4029693,0
20060928,1117.58,1126.11,1115.2,1123.62,2482522112.0,4921741,0
20060929,1124.99,1133.48,1124.99,1132.55,3191956736.0,6637538,0
20061009,1142.76,1155.78,1142.76,1155.71,4880021504.0,10622405,0
20061010,1159.14,1163.25,1151.16,1159.04,5702945280.0,11744419,0
20061011,1158.94,1165.0,1149.08,1159.97,4312119808.0,9292591,0
20061012,1160.8,1162.27,1148.74,1155.38,3978739712.0,8214179,0
20061013,1154.09,1166.97,1152.18,1162.63,4047912192.0,8059475,0
20061016,1163.95,1165.25,1147.15,1149.93,3739545600.0,7123693,0
20061017,1148.63,1155.09,1141.54,1143.69,2861079040.0,5522489,0
20061018,1143.52,1157.5,1143.52,1157.47,3043104000.0,5914627,0
20061019,1159.9,1165.03,1154.21,1159.59,2905680384.0,5719303,0
20061020,1160.82,1162.1,1151.9,1152.76,3044053504.0,5877028,0
20061023,1153.08,1158.66,1128.54,1132.25,4092438016.0,8385079,0
20061024,1132.17,1162.21,1132.17,1162.04,3672090112.0,7182913,0
20061025,1162.93,1171.88,1149.99,1160.32,3954153728.0,7113878,0
20061026,1159.01,1166.91,1151.17,1166.02,4518596608.0,10563420,0
20061027,1166.31,1168.27,1154.81,1159.96,5092570624.0,10385418,0
20061030,1157.61,1180.0,1156.26,1180.0,4312727040.0,8537564,0
20061031,1182.17,1201.81,1180.87,1201.59,5648966144.0,11403968,0
20061101,1202.48,1218.55,1199.44,1217.46,6716911616.0,13490299,0
20061102,1220.34,1231.51,1212.73,1221.56,8215518208.0,16400050,0
20061103,1223.6,1238.03,1222.4,1225.62,5598447616.0,10851763,0
20061106,1218.99,1247.31,1211.37,1246.92,6011332608.0,11432745,0
20061107,1250.23,1253.23,1231.79,1250.5,6445990912.0,12022735,0
20061108,1248.08,1249.77,1230.37,1231.88,4600002048.0,8550023,0
20061109,1227.2,1246.2,1220.45,1243.63,5082782720.0,9647592,0
20061110,1243.65,1250.79,1210.74,1217.03,6102214656.0,11749892,0
20061113,1214.58,1224.27,1186.16,1193.25,4534643712.0,9320105,0
20061114,1191.09,1203.34,1169.75,1200.8,4352326144.0,8833291,0
20061115,1200.37,1229.18,1194.74,1228.93,4867904000.0,9069376,0
20061116,1230.95,1237.74,1214.19,1215.86,6551815168.0,12393408,0
20061117,1212.65,1248.31,1209.06,1248.24,6483220992.0,12402606,0
20061120,1255.82,1274.94,1250.93,1274.94,8459590144.0,16347359,0
20061121,1273.58,1290.44,1255.95,1290.27,7615532032.0,13749168,0
20061122,1287.66,1316.47,1280.78,1300.97,9760936960.0,18180082,0
20061123,1301.46,1313.28,1293.5,1306.26,8112390656.0,16250830,0
20061124,1303.48,1309.79,1288.03,1306.41,7997542400.0,15605982,0
20061127,1304.31,1323.05,1298.71,1322.93,7370491904.0,13217040,0
20061128,1322.9,1329.22,1301.44,1313.97,6993945088.0,13225770,0
20061129,1295.14,1322.55,1283.09,1316.85,6702745088.0,12159410,0
20061130,1319.69,1341.82,1319.69,1341.59,9124659200.0,16225110,0
20061201,1344.41,1358.45,1337.81,1355.81,10118119424.0,16420637,0
20061204,1358.03,1403.9,1358.03,1399.74,12452605952.0,21956620,0
20061205,1404.84,1423.4,1399.62,1408.72,12015534080.0,20679934,0
20061206,1413.61,1434.07,1362.95,1408.96,15945445376.0,28633304,0
20061207,1410.35,1467.01,1406.59,1423.91,16987837440.0,29839061,0
20061208,1402.28,1416.31,1354.84,1356.12,11846713344.0,21208813,0
20061211,1349.02,1417.09,1348.87,1415.91,8480175616.0,14968151,0
20061212,1420.3,1430.65,1390.02,1414.17,9811564544.0,16895394,0
20061213,1416.39,1424.99,1400.11,1412.64,8529573888.0,14568468,0
20061214,1415.66,1434.33,1407.57,1433.61,7970713088.0,13157336,0
20061215,1438.59,1445.79,1428.5,1445.28,8698186752.0,14204257,0
20061218,1449.96,1462.46,1441.18,1458.06,11811399680.0,19350724,0
20061219,1465.11,1472.97,1436.78,1472.69,12664135680.0,21260114,0
20061220,1466.96,1479.07,1450.11,1478.29,9578247168.0,15700977,0
20061221,1480.29,1491.35,1460.12,1462.89,11411655680.0,18709882,0
20061222,1454.09,1464.43,1433.9,1446.92,8373481984.0,13783068,0
20061225,1450.86,1478.82,1450.86,1464.24,9505409024.0,15923173,0
20061226,1466.12,1471.34,1434.88,1457.08,8819197952.0,14405322,0
20061227,1464.16,1496.19,1464.14,1495.91,11802697728.0,19950111,0
20061228,1500.94,1519.76,1481.24,1495.39,11788268544.0,19766888,0
20061229,1507.06,1544.48,1507.06,1534.38,14888367104.0,23644910,0
20070104,1558.2,1617.43,1554.21,1580.88,21526218752.0,33543022,0
20070105,1571.89,1638.99,1556.03,1623.03,19878350848.0,31535739,0
20070108,1629.31,1681.45,1629.31,1680.51,18482622464.0,28262757,0
20070109,1686.63,1726.92,1673.71,1724.21,15969129472.0,23621245,0
20070110,1726.76,1758.56,1707.6,1758.08,16832331776.0,25040995,0
20070111,1755.12,1790.4,1730.21,1736.19,18255923200.0,26419702,0
20070112,1724.8,1742.62,1648.36,1656.05,16625242112.0,24761602,0
20070115,1653.54,1730.12,1649.37,1730.12,13755676672.0,20147131,0
20070116,1741.75,1748.95,1700.86,1743.35,16040833024.0,22366228,0
20070117,1750.27,1774.82,1696.96,1725.53,18349027328.0,25843548,0
20070118,1719.08,1732.29,1678.16,1726.02,14457492480.0,20916106,0
20070119,1728.31,1797.35,1728.31,1797.27,18657947648.0,25982304,0
20070122,1813.32,1875.38,1812.74,1875.24,20319268864.0,29222277,0
20070123,1883.39,1894.28,1805.67,1859.39,19978809344.0,27168978,0
20070124,1860.58,1908.52,1840.86,1898.16,19885451264.0,26616555,0
20070125,1885.0,1901.16,1834.39,1842.22,21002536960.0,27382680,0
20070126,1813.37,1871.56,1764.24,1858.19,17373345792.0,23843314,0
20070129,1869.8,1917.22,1868.46,1914.22,18542585856.0,25676871,0
20070130,1928.84,1951.01,1904.12,1925.32,19845167104.0,27359054,0
20070131,1918.56,1919.79,1804.17,1813.89,18473617408.0,26103501,0
20070201,1791.04,1826.99,1751.38,1817.39,14104455168.0,19987957,0
20070202,1820.17,1825.95,1756.76,1760.6,12940776448.0,17301031,0
20070205,1750.97,1771.05,1734.91,1742.99,9698415616.0,13275481,0
20070206,1745.44,1771.66,1696.45,1770.05,14038103040.0,19376692,0
20070207,1783.44,1819.4,1778.31,1804.45,15497635840.0,20417162,0
20070208,1809.0,1877.64,1804.68,1871.68,16107573248.0,20266690,0
20070209,1878.94,1909.22,1844.83,1894.46,15433520128.0,18976179,0
20070212,1896.58,1933.65,1896.36,1933.37,14208412672.0,18815825,0
20070213,1938.48,1976.6,1933.9,1972.28,14227072000.0,17948042,0
20070214,1974.97,2037.43,1974.97,2024.54,16917219328.0,21379185,0
20070215,2036.91,2070.8,2033.68,2069.13,16850066432.0,21774077,0
20070216,2081.22,2103.35,2057.97,2070.44,18685292544.0,23689136,0
20070226,2077.48,2133.03,2049.12,2132.46,18616870912.0,24155475,0
20070227,2141.12,2151.06,1924.49,1925.58,26228744192.0,34384974,0
20070228,1880.38,2013.07,1880.38,2000.24,19459964928.0,26287995,0
20070301,2002.69,2002.69,1909.43,1935.5,18586943488.0,25357551,0
20070302,1934.43,1989.54,1932.41,1978.66,15433643008.0,21797395,0
20070305,1981.28,2007.88,1906.54,1950.35,17109894144.0,23442918,0
20070306,1942.18,1986.7,1927.03,1973.5,11153571840.0,14638836,0
20070307,1982.95,2033.08,1982.95,2027.91,15088381952.0,19308439,0
20070308,2034.07,2062.3,2015.29,2059.57,14572930048.0,17999383,0
20070309,2062.08,2065.66,2016.87,2035.3,15549379584.0,19716809,0
20070312,2036.17,2052.86,2006.9,2052.45,15546161152.0,18527987,0
20070313,2058.18,2084.48,2044.79,2081.37,16582408192.0,20054973,0
20070314,2058.26,2071.52,2001.69,2050.1,16817927168.0,20695159,0
20070315,2046.39,2095.61,2046.39,2095.61,17732042752.0,21325928,0
20070316,2102.98,2109.16,2033.88,2058.38,19873525760.0,24219957,0
20070319,1994.64,2104.51,1983.11,2094.07,18004097024.0,22033831,0
20070320,2101.35,2130.15,2085.13,2127.33,17167032320.0,20366896,0
20070321,2131.61,2143.05,2111.31,2142.98,17714235392.0,20690346,0
20070322,2155.07,2187.05,2151.55,2160.0,22551599104.0,25981264,0
20070323,2157.93,2185.65,2122.37,2184.35,19877898240.0,23570639,0
20070326,2197.23,2236.2,2194.08,2236.12,22281992192.0,26432961,0
20070327,2242.32,2268.93,2226.69,2264.18,24141795328.0,26804576,0
20070328,2264.62,2284.7,2172.8,2267.94,30841323520.0,36269024,0
20070329,2270.29,2275.57,2224.49,2225.98,27154671616.0,31054258,0
20070330,2220.31,2247.78,2207.99,2224.13,16259704832.0,17376354,0
20070402,2231.08,2263.08,2220.37,2262.61,16651277312.0,18276311,0
20070403,2273.56,2295.52,2258.43,2295.52,21568561152.0,22614345,0
20070404,2298.71,2317.38,2279.68,2304.91,23405934592.0,23671215,0
20070405,2302.84,2350.59,2292.52,2347.16,23748503552.0,24274796,0
20070406,2328.48,2380.13,2318.62,2370.9,24885489664.0,25882430,0
20070409,2381.18,2419.32,2381.18,2414.53,28025882624.0,28675265,0
20070410,2418.94,2424.1,2346.02,2411.27,26412984320.0,26985680,0
20070411,2414.08,2452.9,2396.52,2452.25,30752694272.0,31489083,0
20070412,2454.28,2508.02,2443.76,2507.18,30892734464.0,30261563,0
20070413,2509.55,2552.98,2496.64,2511.29,34105427968.0,33038603,0
20070416,2522.43,2579.05,2522.43,2578.73,29172975616.0,27747284,0
20070417,2593.32,2604.78,2517.95,2601.27,33853706240.0,32164348,0
20070418,2605.23,2625.27,2565.6,2624.2,34081386496.0,32247084,0
20070419,2622.16,2624.5,2421.4,2501.05,38744752128.0,37951528,0
20070420,2516.13,2615.1,2514.26,2607.65,29942892544.0,28148560,0
20070423,2645.93,2745.75,2645.93,2745.72,39117942784.0,37162945,0
20070424,2770.28,2815.1,2729.15,2767.36,40908152832.0,36512295,0
20070425,2754.18,2774.14,2689.39,2766.58,33423050752.0,30255559,0
20070426,2778.35,2795.41,2752.83,2795.01,27562827776.0,24223878,0
20070427,2803.65,2825.88,2767.37,2794.25,29182928896.0,24991321,0
20070430,2797.67,2842.42,2772.26,2835.36,32386494464.0,27478351,0
20070508,2916.06,2953.95,2883.04,2952.41,38113136640.0,32109078,0
20070509,2968.61,3000.32,2863.25,2977.95,52478722048.0,45283650,0
20070510,2981.96,3033.41,2961.13,3016.97,42418425856.0,37466896,0
20070511,2999.0,3006.38,2929.64,2972.83,30804291584.0,23308233,0
20070514,2913.71,2975.72,2888.94,2955.82,32390404096.0,26896096,0
20070515,2961.96,2985.27,2846.13,2852.3,35186266112.0,28478442,0
20070516,2837.92,2924.09,2787.82,2923.3,31490283520.0,25409149,0
20070517,2947.13,2989.75,2936.78,2972.55,33159274496.0,26625339,0
20070518,2972.12,2974.86,2932.56,2953.99,28298137600.0,23790714,0
20070521,2854.57,3013.81,2845.91,3013.35,39033991168.0,33105861,0
20070522,3036.44,3083.96,3035.72,3074.28,45478084608.0,36133165,0
20070523,3084.31,3140.71,3069.23,3140.23,42114293760.0,32655157,0
20070524,3154.65,3164.01,3041.1,3097.37,46620504064.0,36156086,0
20070525,3085.55,3149.34,3065.46,3138.91,40491261952.0,30410090,0
20070528,3176.26,3234.8,3171.81,3211.2,56336592896.0,42209729,0
20070529,3227.42,3285.86,3214.78,3285.52,52587798528.0,39532887,0
20070530,3096.98,3245.4,3041.97,3069.66,56761286656.0,44957871,0
20070531,3005.31,3120.24,2864.19,3056.12,55360040960.0,43949227,0
20070601,3079.75,3135.73,2895.9,2931.67,52534587392.0,40241735,0
20070604,2924.96,2940.66,2667.22,2672.48,35838218240.0,30931872,0
20070605,2560.76,2761.44,2428.15,2759.73,41768214528.0,39728217,0
20070606,2781.29,2818.79,2685.6,2782.08,36678905856.0,31163316,0
20070607,2796.23,2890.0,2782.55,2890.0,36194324480.0,30331372,0
20070608,2895.3,2932.44,2864.68,2908.81,35221467136.0,28397594,0
20070611,2935.28,2978.89,2915.28,2975.08,39378976768.0,32072920,0
20070612,3000.56,3079.76,2906.96,3079.53,47644913664.0,36907929,0
20070613,3119.21,3171.12,3104.32,3156.52,48294326272.0,37335697,0
20070614,3147.36,3155.3,3068.92,3096.38,40000569344.0,30369525,0
20070615,3063.23,3124.25,3042.49,3094.45,31188185088.0,23597264,0
20070618,3152.44,3188.34,3148.31,3174.67,36851093504.0,28519880,0
20070619,3173.99,3206.37,3132.85,3206.03,35796160512.0,27112359,0
20070620,3207.76,3250.2,3116.15,3130.48,0.0,29021329,0
20070621,3122.9,3177.99,3098.8,3177.27,37857398784.0,27731647,0
20070622,3182.04,3193.96,2963.98,3025.4,36491268096.0,27785341,0
20070625,3033.03,3064.74,2806.06,2827.13,30394929152.0,23516400,0
20070626,2763.1,2889.12,2727.59,2886.68,23076773888.0,19019161,0
20070627,2896.75,2981.72,2870.24,2968.66,27115317248.0,20626880,0
20070628,2965.15,2991.92,2837.49,2837.49,28061745152.0,21768580,0
20070629,2758.74,2849.65,2734.62,2756.93,23031363584.0,20291096,0
20070702,2748.55,2809.63,2693.07,2796.3,18124060672.0,15850472,0
20070703,2816.58,2829.9,2761.8,2819.19,14351636480.0,12401519,0
20070704,2823.85,2832.32,2739.76,2751.05,12712268800.0,10831962,0
20070705,2710.55,2718.12,2549.86,2552.08,14801339392.0,13799962,0
20070706,2536.45,2683.47,2491.7,2681.43,17924724736.0,16472605,0
20070709,2701.7,2755.41,2670.88,2736.38,17149955072.0,15264692,0
20070710,2735.44,2735.49,2643.69,2654.41,14423643136.0,12712473,0
20070711,2639.7,2670.95,2619.42,2659.67,9682401280.0,8728036,0
20070712,2666.07,2697.63,2651.19,2696.97,11029728256.0,10166702,0
20070713,2700.87,2732.26,2674.16,2719.67,10838091776.0,10220803,0
20070716,2720.2,2724.9,2629.09,2629.62,9413612544.0,8995179,0
20070717,2622.89,2694.89,2604.9,2668.65,8567411200.0,8268256,0
20070718,2670.72,2740.96,2655.77,2706.38,14778437632.0,13939489,0
20070719,2701.75,2724.41,2682.83,2704.28,9615066112.0,8930939,0
20070720,2705.41,2791.73,2705.41,2791.44,16237003776.0,14783242,0
20070723,2806.44,2940.79,2806.44,2940.68,26335225856.0,23519174,0
20070724,2961.47,2999.98,2931.65,2933.81,24055554048.0,20582057,0
20070725,2939.68,3034.03,2939.68,3033.41,25455988736.0,21074547,0
20070726,3059.1,3068.83,3023.74,3049.97,25128380416.0,20940938,0
20070727,3035.44,3072.02,2996.07,3056.09,24583782400.0,19757835,0
20070730,3057.96,3128.98,3055.86,3122.15,28911945728.0,24494934,0
20070731,3118.03,3186.19,3091.69,3185.46,30634158080.0,24017302,0
20070801,3202.28,3216.97,3015.24,3024.87,34366328832.0,28130797,0
20070802,3038.13,3123.99,3011.03,3103.32,24695660544.0,19763314,0
20070803,3121.0,3142.6,3085.56,3141.08,28407687168.0,22055173,0
20070806,3168.21,3222.29,3154.63,3221.56,32173903872.0,24347275,0
20070807,3227.05,3236.79,3169.84,3215.41,32996737024.0,24863563,0
20070808,3196.44,3211.4,3105.42,3167.1,28885325824.0,24386796,0
20070809,3166.13,3217.2,3166.13,3204.87,26059139072.0,21744921,0
20070810,3212.4,3250.61,3155.44,3225.09,29352357888.0,24534984,0
20070813,3242.79,3356.92,3242.79,3330.67,44539650048.0,34197694,0
20070814,3347.94,3358.67,3299.88,3345.17,28469667840.0,21818803,0
20070815,3353.05,3360.03,3239.19,3314.67,25410789376.0,19634181,0
20070816,3299.46,3299.46,3219.98,3259.5,24924588032.0,18967632,0
20070817,3242.02,3296.49,3198.23,3204.68,24595843072.0,18534118,0
20070820,3284.14,3355.32,3269.58,3355.32,27654268928.0,20887042,0
20070821,3369.61,3387.82,3345.68,3371.57,29619355648.0,22252466,0
20070822,3323.55,3419.93,3310.55,3406.64,33044490240.0,24538997,0
20070823,3424.14,3455.82,3388.0,3450.56,32715923456.0,22904900,0
20070824,3468.04,3490.47,3442.63,3480.96,32594468864.0,23724600,0
20070827,3503.03,3522.99,3429.93,3463.75,34915323904.0,26670550,0
20070828,3450.82,3479.25,3395.84,3477.16,35724574720.0,26116513,0
20070829,3460.28,3506.44,3412.61,3460.41,33892034560.0,25114165,0
20070830,3477.88,3543.64,3475.53,3532.99,31664926720.0,23435928,0
20070831,3549.2,3592.62,3542.55,3578.12,32651618304.0,23692907,0
20070903,3615.75,3685.41,3615.75,3684.33,40831533056.0,30346301,0
20070904,3706.17,3778.54,3692.33,3714.17,45352595456.0,32784072,0
20070905,3723.35,3747.58,3654.22,3725.15,32954847232.0,23534754,0
20070906,3739.62,3790.73,3725.62,3765.26,32719276032.0,23131723,0
20070907,3749.79,3760.56,3677.86,3680.38,33943107584.0,23853779,0
20070910,3636.31,3762.73,3594.81,3762.27,31762356224.0,22867048,0
20070911,3772.08,3792.1,3551.45,3567.35,35926568960.0,25142561,0
20070912,3553.35,3628.59,3495.43,3620.56,30262538240.0,22438650,0
20070913,3634.66,3681.51,3612.67,3680.42,29810440192.0,20840907,0
20070914,3690.16,3722.83,3624.75,3715.2,27511711744.0,18662259,0
20070917,3711.48,3851.27,3710.83,3843.06,35838627840.0,24703218,0
20070918,3859.5,3943.91,3822.21,3908.6,37616402432.0,25413190,0
20070919,3913.78,3924.27,3816.57,3849.61,31337758720.0,20989556,0
20070920,3854.58,3921.67,3842.66,3919.43,30727243776.0,20276434,0
20070921,3935.03,3936.01,3810.17,3904.08,34986729472.0,22723647,0
20070924,3924.55,3956.87,3863.95,3925.01,29769582592.0,19090442,0
20070925,3930.22,3933.29,3830.87,3856.62,22411118592.0,14957839,0
20070926,3835.29,3867.83,3748.28,3758.95,20446033920.0,13070066,0
20070927,3760.93,3789.79,3725.69,3776.18,16400066560.0,10740779,0
20070928,3813.11,3893.51,3813.11,3883.89,26683217920.0,17484258,0
20071008,3954.33,3958.26,3870.19,3872.25,27690737664.0,17613229,0
20071009,3863.12,3879.32,3817.63,3874.18,24540903424.0,15802892,0
20071010,3883.51,3918.77,3832.53,3857.57,28956405760.0,18392263,0
20071011,3864.54,3917.2,3827.72,3916.29,33028884480.0,21058647,0
20071012,3929.17,3942.02,3720.11,3901.37,45983735808.0,29177424,0
20071015,3910.94,4069.78,3881.99,4069.48,42714251264.0,26453630,0
20071016,4092.83,4103.71,4022.14,4068.29,35609219072.0,21366279,0
20071017,4051.8,4076.81,4004.6,4057.01,32163076096.0,19148650,0
20071018,4048.36,4059.0,3895.52,3901.82,29380390912.0,17584894,0
20071019,3930.04,3968.35,3852.78,3885.33,22507714560.0,13761177,0
20071022,3840.25,3850.63,3727.11,3729.81,19088084992.0,12430582,0
20071023,3728.71,3778.05,3627.19,3758.05,20189265920.0,13189632,0
20071024,3769.09,3810.96,3754.55,3773.75,24757071872.0,15136296,0
20071025,3747.25,3747.25,3524.19,3532.31,26629857280.0,17534914,0
20071026,3484.59,3555.98,3444.16,3523.28,17898776576.0,11964917,0
20071029,3552.21,3628.61,3537.85,3627.81,15549517824.0,10373123,0
20071030,3654.2,3717.99,3584.03,3716.68,20680773632.0,12891262,0
20071031,3768.11,3816.78,3748.3,3788.03,28099600384.0,16805029,0
20071101,3807.19,3807.19,3721.1,3721.1,25567643648.0,14663845,0
20071102,3657.64,3679.29,3599.31,3619.4,22816565248.0,13679809,0
20071105,3620.61,3667.3,3536.6,3587.95,19456145408.0,11295324,0
20071106,3558.41,3586.75,3508.3,3528.63,14344035328.0,8882918,0
20071107,3533.88,3565.18,3473.02,3542.46,12058322944.0,7815608,0
20071108,3528.25,3528.5,3360.66,3362.08,15239004160.0,10312490,0
20071109,3330.12,3381.1,3259.01,3336.86,14101079040.0,9672307,0
20071112,3250.67,3302.61,3144.28,3250.64,14336939008.0,10950917,0
20071113,3278.05,3353.4,3229.31,3282.17,13598618624.0,9647180,0
20071114,3338.47,3414.99,3283.55,3413.7,13279522816.0,9475648,0
20071115,3408.27,3419.89,3357.67,3362.82,10221624320.0,7733299,0
20071116,3305.77,3344.92,3275.54,3337.23,9018626048.0,6322597,0
20071119,3349.74,3389.57,3321.64,3374.77,11420509184.0,7888152,0
20071120,3368.05,3453.78,3338.7,3431.7,15002452992.0,9426213,0
20071121,3443.08,3472.94,3380.42,3384.25,12842356736.0,7885768,0
20071122,3320.93,3369.44,3233.26,3243.9,12411882496.0,8254541,0
20071123,3221.97,3310.68,3209.19,3309.22,10381228032.0,6776220,0
20071126,3359.86,3379.02,3282.13,3287.51,12791505920.0,7842849,0
20071127,3258.4,3301.69,3236.9,3238.59,11228824576.0,6545433,0
20071128,3246.02,3282.34,3189.16,3199.11,12305128448.0,7148980,0
20071129,3236.12,3341.89,3207.03,3340.91,19875739648.0,12643250,0
20071130,3346.31,3346.31,3269.55,3274.95,19572826112.0,11135722,0
20071203,3259.46,3289.58,3233.41,3256.1,13141338112.0,8084007,0
20071204,3267.11,3329.56,3267.11,3288.16,11606032384.0,7055245,0
20071205,3291.97,3375.48,3280.58,3374.27,15318384640.0,9485373,0
20071206,3386.4,3400.89,3346.94,3379.3,13991478272.0,8686640,0
20071207,3384.48,3447.58,3384.48,3447.17,15253585920.0,10262590,0
20071210,3401.64,3554.81,3386.31,3546.4,23931297792.0,15042233,0
20071211,3561.65,3589.24,3529.74,3579.63,21826025472.0,13483526,0
20071212,3559.49,3614.38,3532.75,3574.63,19141257216.0,11837007,0
20071213,3565.77,3594.57,3451.67,3452.1,20959559680.0,12702271,0
20071214,3410.92,3486.48,3364.26,3485.59,16672642048.0,10139368,0
20071217,3492.97,3498.41,3440.95,3444.86,17724973056.0,11167679,0
20071218,3428.73,3471.98,3408.2,3422.05,12459531264.0,7513775,0
20071219,3453.99,3535.42,3452.39,3519.81,18825326592.0,12367769,0
20071220,3532.81,3605.58,3519.59,3597.57,19158216704.0,11659788,0
20071221,3593.0,3651.28,3591.35,3650.79,20984446976.0,12965543,0
20071224,3669.61,3759.31,3669.61,3727.54,29140543488.0,18133756,0
20071225,3731.53,3750.83,3697.95,3725.9,19998558208.0,12743423,0
20071226,3733.72,3762.16,3701.53,3761.03,23779745792.0,14138461,0
20071227,3781.33,3837.52,3768.43,3823.71,30413189120.0,18051869,0
20071228,3829.56,3841.97,3772.28,3782.43,28559425536.0,16658402,0
20080102,3793.85,3855.65,3764.13,3846.52,26695680000.0,14906079,0
20080103,3840.63,3899.23,3814.79,3897.07,37379792896.0,22619855,0
20080104,3904.3,3934.66,3891.25,3919.49,28938629120.0,16374254,0
20080107,3921.52,3975.08,3895.82,3965.66,33012121600.0,18112839,0
20080108,3983.22,4002.5,3878.61,3916.02,34167048192.0,19094140,0
20080109,3895.9,3970.46,3878.61,3969.08,27969599488.0,15548074,0
20080110,3972.55,3994.36,3923.6,3989.45,42216611840.0,23756327,0
20080111,3998.98,4002.18,3912.42,3954.21,33689217024.0,18801886,0
20080114,3961.31,3976.15,3930.24,3970.79,32435820544.0,18339393,0
20080115,3974.64,3989.23,3925.83,3982.3,33679157248.0,18041881,0
20080116,3955.9,3956.43,3890.4,3894.6,31609554944.0,17638892,0
20080117,3863.47,3907.45,3655.7,3757.71,37894451200.0,21348541,0
20080118,3755.71,3812.05,3702.78,3811.34,27939389440.0,15651661,0
20080121,3823.64,3832.05,3641.64,3661.27,26815160320.0,15575804,0
20080122,3578.91,3578.91,3333.03,3352.18,33727117312.0,21003591,0
20080123,3353.79,3517.93,3349.05,3516.61,28541188096.0,17898981,0
20080124,3555.57,3610.06,3511.19,3566.54,32098088960.0,19606095,0
20080125,3564.75,3589.66,3518.19,3561.75,23384625152.0,14006835,0
20080128,3541.4,3541.4,3281.49,3283.89,20536877056.0,13526659,0
20080129,3296.11,3366.54,3248.15,3317.98,15031286784.0,9669691,0
20080130,3356.46,3389.95,3220.34,3295.57,18295095296.0,10873777,0
20080131,3290.7,3315.96,3199.76,3204.11,16710665216.0,9973854,0
20080201,3214.47,3234.56,3024.01,3125.47,19601522688.0,12581285,0
20080204,3202.22,3388.8,3202.22,3388.27,21592082432.0,12937444,0
20080205,3385.2,3424.82,3335.08,3395.69,16865056768.0,10111350,0
20080213,3366.58,3406.28,3322.41,3365.91,13244383232.0,8240416,0
20080214,3391.83,3448.36,3384.13,3421.83,12747288576.0,7722758,0
20080215,3395.46,3402.54,3337.69,3390.36,15935831040.0,10074428,0
20080218,3431.66,3485.51,3419.93,3456.02,18752008192.0,11237596,0
20080219,3468.9,3527.82,3440.46,3526.9,19227009024.0,11707396,0
20080220,3535.55,3550.02,3460.06,3467.16,19690829824.0,11851478,0
20080221,3449.5,3470.71,3361.99,3431.31,18013224960.0,10862826,0
20080222,3412.02,3412.02,3267.28,3308.64,20365899776.0,12592852,0
20080225,3305.73,3321.71,3162.17,3173.09,19288633344.0,12850924,0
20080226,3258.85,3285.27,3103.46,3197.15,17575114752.0,12121079,0
20080227,3213.86,3289.44,3179.71,3281.74,15995486208.0,10831412,0
20080228,3291.8,3292.41,3225.8,3245.98,13001550848.0,8559558,0
20080229,3240.91,3294.19,3227.78,3293.28,13207727104.0,8765927,0
20080303,3275.25,3393.04,3249.44,3381.52,23314024448.0,14953548,0
20080304,3391.04,3404.47,3299.98,3314.93,22584446976.0,14884747,0
20080305,3298.28,3321.37,3215.93,3284.85,20031152128.0,13415448,0
20080306,3290.88,3360.81,3262.6,3315.46,21969301504.0,14734032,0
20080307,3293.69,3304.28,3248.23,3268.58,15766563840.0,10410589,0
20080310,3247.07,3247.07,3121.38,3142.67,17420679168.0,11652406,0
20080311,3118.88,3161.33,3056.54,3161.33,13705674752.0,8744315,0
20080312,3216.91,3230.47,3061.59,3062.05,14714587136.0,9309472,0
20080313,3023.64,3036.57,2904.87,2973.41,18829967360.0,12815171,0
20080314,2952.92,2983.71,2887.77,2923.47,12378843136.0,8336780,0
20080317,2904.54,2904.92,2747.28,2751.84,12739148800.0,9362736,0
20080318,2726.55,2781.09,2550.55,2599.27,14567061504.0,11998309,0
20080319,2654.89,2730.19,2601.03,2684.98,15827438592.0,11932452,0
20080320,2650.5,2810.02,2538.11,2775.55,19500118016.0,14662270,0
20080321,2769.61,2834.63,2746.23,2798.11,17880926208.0,12893253,0
20080324,2836.59,2857.48,2703.62,2704.95,15962186752.0,11627237,0
20080325,2645.86,2768.05,2622.73,2748.83,13510957056.0,9895797,0
20080326,2766.68,2801.96,2728.32,2748.78,12148478976.0,9013089,0
20080327,2705.38,2706.23,2609.08,2610.48,11791062016.0,9112206,0
20080328,2580.14,2712.0,2538.59,2707.35,14020707328.0,10782539,0
20080331,2628.92,2693.0,2611.59,2624.66,11153797120.0,8509750,0
20080401,2615.58,2644.93,2451.04,2461.62,13538172928.0,11016251,0
20080402,2483.73,2542.17,2372.04,2424.88,15002159104.0,12576190,0
20080403,2411.05,2523.29,2361.52,2513.95,11274976256.0,9653777,0
20080407,2487.78,2665.86,2465.63,2657.82,14811115520.0,12013764,0
20080408,2664.11,2728.99,2636.2,2695.1,18353369088.0,14155356,0
20080409,2677.84,2700.59,2531.85,2532.11,14446048256.0,11659326,0
20080410,2485.84,2581.04,2461.24,2579.71,11717306368.0,9064853,0
20080411,2595.66,2623.87,2573.6,2595.71,10444830720.0,8239147,0
20080414,2535.91,2546.82,2442.68,2449.94,12137357312.0,10182892,0
20080415,2436.5,2514.13,2406.73,2513.75,10359281664.0,8652874,0
20080416,2512.07,2512.55,2434.93,2441.04,13069945856.0,10626683,0
20080417,2422.68,2474.71,2316.81,2348.87,11876814848.0,10352338,0
20080418,2327.48,2327.48,2209.77,2214.74,10060818432.0,9167835,0
20080421,2346.0,2352.09,2192.12,2219.47,13300322304.0,11558745,0
20080422,2196.98,2238.11,2133.59,2235.58,10865961984.0,9524242,0
20080423,2215.85,2346.02,2196.61,2328.55,15133969408.0,13176004,0
20080424,2508.07,2547.38,2449.6,2543.66,35571769344.0,29830963,0
20080425,2533.1,2620.8,2500.92,2541.27,29210726400.0,23358344,0
20080428,2497.19,2526.22,2474.39,2485.77,16900328448.0,14092952,0
20080429,2477.8,2551.84,2477.8,2537.13,16399636480.0,13738691,0
20080430,2552.6,2661.5,2544.58,2655.25,26377373696.0,21008105,0
20080505,2695.8,2748.08,2668.73,2738.6,27615932416.0,20953017,0
20080506,2713.0,2764.47,2682.08,2723.8,26766725120.0,20137125,0
20080507,2713.02,2758.7,2618.41,2619.22,23619684352.0,18063408,0
20080508,2594.15,2701.13,2582.32,2699.78,19936196608.0,15294421,0
20080509,2713.42,2724.93,2627.92,2681.61,22609248256.0,16265660,0
20080512,2642.28,2711.48,2617.84,2680.39,18302193664.0,12984203,0
20080513,2596.46,2673.51,2587.78,2625.44,17109115904.0,13930224,0
20080514,2615.58,2706.59,2615.24,2705.44,16701396992.0,13782765,0
20080515,2722.87,2777.85,2717.63,2719.32,20623175680.0,17663313,0
20080516,2724.05,2736.09,2659.83,2694.87,16771784704.0,11832121,0
20080519,2687.73,2707.08,2652.13,2692.04,13848185856.0,9373333,0
20080520,2692.3,2723.66,2560.61,2571.72,17813960704.0,13229711,0
20080521,2547.76,2663.13,2508.8,2653.13,19278071808.0,14477468,0
20080522,2621.87,2694.63,2601.99,2635.14,23954907136.0,16094453,0
20080523,2628.87,2665.7,2601.73,2633.88,17665669120.0,12825616,0
20080526,2623.96,2623.96,2559.48,2562.45,11505120256.0,8275523,0
20080527,2559.56,2574.17,2523.43,2549.43,10153418752.0,7334836,0
20080528,2558.7,2622.93,2540.57,2610.08,12251405312.0,9178645,0
20080529,2601.46,2625.8,2576.62,2577.65,14303161344.0,10671807,0
20080530,2584.54,2603.31,2557.89,2590.45,14670901248.0,10615041,0
20080602,2591.84,2641.46,2575.45,2620.97,14503191552.0,12081355,0
20080603,2622.72,2641.66,2593.76,2617.74,20877787136.0,18302383,0
20080604,2606.28,2611.13,2538.24,2552.77,14110265344.0,12186270,0
20080605,2539.1,2542.94,2502.74,2520.48,12175768576.0,9392037,0
20080606,2530.31,2539.57,2478.37,2491.77,9604936704.0,8514035,0
20080610,2401.09,2418.24,2285.37,2302.07,13545298944.0,11763998,0
20080611,2273.96,2294.81,2241.4,2265.51,10697371648.0,9797034,0
20080612,2259.28,2274.98,2176.76,2221.63,11386022912.0,10663569,0
20080613,2227.03,2239.73,2142.31,2145.52,8591070208.0,8095930,0
20080616,2149.35,2166.39,2091.75,2124.35,8343112192.0,7935649,0
20080617,2125.67,2140.93,2038.37,2055.01,8531179520.0,8836308,0
20080618,2041.13,2179.14,2010.16,2174.14,14148112384.0,14019229,0
20080619,2170.89,2180.59,2033.44,2038.18,13478428672.0,12870094,0
20080620,2093.36,2162.13,1996.2,2095.62,21862404096.0,21121318,0
20080623,2059.89,2099.56,2027.79,2041.05,10366660608.0,10810139,0
20080624,2027.64,2083.97,2011.23,2075.12,10833185792.0,11474772,0
20080625,2066.96,2162.07,2058.95,2157.17,14007673856.0,14907944,0
20080626,2154.82,2181.22,2124.65,2162.72,14679836672.0,14256340,0
20080627,2104.45,2114.26,2031.23,2051.78,14058317824.0,13961341,0
20080630,2033.16,2067.81,2005.98,2049.56,9354262528.0,9248615,0
20080701,2055.34,2063.23,1992.35,1995.79,8074362880.0,8052972,0
20080702,2002.83,2044.45,1991.37,2017.62,8730687488.0,8460709,0
20080703,1992.1,2088.45,1965.73,2058.17,15241451520.0,14527397,0
20080704,2044.59,2057.43,2000.93,2019.88,13264796672.0,11666532,0
20080707,2023.99,2112.83,2023.99,2105.87,17252397056.0,16374122,0
20080708,2120.05,2145.84,2082.17,2129.69,18502551552.0,16825015,0
20080709,2148.91,2189.48,2139.3,2189.48,21213646848.0,19137640,0
20080710,2158.62,2209.27,2142.98,2155.2,18565853184.0,17050143,0
20080711,2146.82,2165.04,2117.32,2145.2,12504933376.0,11680118,0
20080714,2130.67,2164.7,2124.63,2155.04,9858313216.0,9052275,0
20080715,2161.57,2170.47,2079.17,2087.95,13026184192.0,12318375,0
20080716,2074.18,2082.89,1997.36,2030.05,11483648000.0,11232936,0
20080717,2058.83,2075.27,1994.51,1996.21,9723910144.0,9220012,0
20080718,2013.31,2069.49,1971.46,2066.74,13103559680.0,12140124,0
20080721,2052.45,2129.85,2039.86,2125.71,15435803648.0,13892951,0
20080722,2119.77,2136.99,2104.8,2120.63,12001771520.0,11020842,0
20080723,2136.27,2145.52,2099.27,2101.79,12011558912.0,11269371,0
20080724,2121.56,2149.71,2108.66,2147.65,13715842048.0,12317943,0
20080725,2125.21,2129.75,2107.79,2114.36,9883734016.0,8879630,0
20080728,2125.38,2158.62,2125.38,2150.48,10755884032.0,9602993,0
20080729,2127.19,2127.19,2098.96,2115.22,10371944448.0,9030385,0
20080730,2138.25,2146.81,2091.98,2102.43,9388440576.0,8511445,0
20080731,2106.54,2108.67,2043.08,2043.78,8414769664.0,8376181,0
20080801,2033.05,2065.86,2004.87,2048.34,8771047424.0,8097157,0
20080804,2039.24,2039.36,2002.35,2006.27,6025832960.0,5709405,0
20080805,2010.42,2017.13,1958.72,1963.89,7805605376.0,7081248,0
20080806,1977.73,1988.83,1948.69,1972.49,7184646656.0,6531915,0
20080807,1970.61,1993.09,1962.41,1992.31,6640556032.0,6646378,0
20080808,1992.29,1996.66,1896.34,1903.47,9239159808.0,9180583,0
20080811,1898.96,1901.69,1783.95,1799.1,8002644992.0,9047029,0
20080812,1779.87,1815.94,1766.28,1798.7,6242781184.0,7072439,0
20080813,1789.33,1816.92,1753.78,1805.83,6986326528.0,7899951,0
20080814,1796.88,1820.3,1786.73,1804.9,5171561984.0,5642386,0
20080815,1802.72,1824.13,1786.86,1808.51,4584482304.0,5301477,0
20080818,1810.76,1811.8,1705.36,1705.88,5918867456.0,7126550,0
20080819,1688.46,1732.03,1676.17,1727.96,5056657408.0,6463576,0
20080820,1723.27,1845.18,1701.89,1844.99,10906058752.0,13627807,0
20080821,1812.23,1835.56,1758.01,1758.64,8558257152.0,10277268,0
20080822,1741.7,1752.82,1709.56,1735.85,5708042752.0,7460154,0
20080825,1735.59,1758.6,1716.6,1734.33,4165242112.0,5079112,0
20080826,1716.77,1720.16,1663.17,1677.87,4524833280.0,5904460,0
20080827,1676.66,1700.38,1641.51,1664.51,4266905856.0,5454699,0
20080828,1661.64,1682.81,1651.19,1665.18,3851849472.0,4467875,0
20080829,1669.78,1718.83,1668.77,1702.78,5276324864.0,6382737,0
20080901,1694.2,1694.2,1656.18,1667.28,3994848000.0,4930655,0
20080902,1660.05,1680.25,1643.28,1662.81,3276111872.0,4355411,0
20080903,1660.27,1673.72,1628.73,1645.61,5319823360.0,6708441,0
20080904,1639.73,1656.11,1622.17,1644.13,4629813248.0,5638171,0
20080905,1607.08,1623.17,1587.85,1600.42,4736022016.0,6205423,0
20080908,1600.19,1607.25,1538.06,1540.69,4108295168.0,5547264,0
20080909,1544.94,1559.51,1524.51,1548.52,3590877952.0,5035362,0
20080910,1540.37,1582.92,1527.12,1560.1,4193907200.0,5775469,0
20080911,1555.6,1562.69,1521.34,1524.32,3936189696.0,5104123,0
20080912,1525.3,1553.15,1525.3,1535.71,3572930048.0,4880775,0
20080916,1531.84,1535.38,1509.37,1518.05,4613308928.0,6285177,0
20080917,1516.88,1537.26,1497.53,1502.62,4743084032.0,6772777,0
20080918,1474.06,1496.28,1404.96,1468.61,6730071552.0,10569224,0
20080919,1593.83,1600.39,1570.65,1600.39,7768610816.0,10632927,0
20080922,1706.16,1737.99,1630.46,1694.19,20388608000.0,25164232,0
20080923,1655.93,1682.12,1636.33,1640.57,13781171200.0,15150750,0
20080924,1610.03,1665.34,1586.48,1665.0,8473614336.0,10721496,0
20080925,1665.28,1743.65,1662.37,1725.09,16196748288.0,19104089,0
20080926,1734.72,1743.53,1699.57,1727.34,10986606592.0,14383418,0
20081006,1704.86,1704.86,1643.46,1643.7,8297158656.0,10162912,0
20081007,1596.34,1660.6,1577.15,1640.31,8055691776.0,10840343,0
20081008,1607.1,1628.21,1583.14,1600.99,6255038976.0,8447658,0
20081009,1624.64,1632.03,1581.7,1582.89,5225399296.0,6735176,0
20081010,1532.58,1538.65,1497.87,1518.14,6675437056.0,9417622,0
20081013,1502.52,1550.47,1468.56,1550.03,6720155648.0,9586267,0
20081014,1593.91,1601.67,1516.39,1516.99,7798831616.0,10566189,0
20081015,1506.79,1508.74,1476.69,1488.8,5080921088.0,6824520,0
20081016,1440.09,1453.61,1417.2,1419.79,6894066176.0,9601172,0
20081017,1427.19,1442.1,1414.23,1429.76,5201581056.0,7484946,0
20081020,1427.05,1465.08,1413.99,1463.3,4930579456.0,7148963,0
20081021,1468.43,1483.81,1458.36,1460.15,5760263168.0,8149983,0
20081022,1446.68,1454.68,1415.23,1415.23,5243199488.0,7697198,0
20081023,1385.58,1420.14,1379.42,1418.16,4639078912.0,7095824,0
20081024,1416.94,1425.56,1389.4,1394.35,4575329280.0,6580448,0
20081027,1369.39,1369.39,1292.41,1292.66,5271372800.0,8755514,0
20081028,1271.07,1329.84,1260.81,1323.24,5442824192.0,8821421,0
20081029,1336.74,1339.04,1285.22,1285.29,4922378240.0,7921161,0
20081030,1295.31,1333.48,1284.71,1319.76,6300008448.0,9901826,0
20081031,1316.57,1323.82,1288.02,1294.42,4393965568.0,7372719,0
20081103,1287.53,1303.31,1277.21,1283.64,3489748992.0,5907070,0
20081104,1277.42,1286.34,1259.51,1273.45,3623536640.0,6238473,0
20081105,1278.9,1324.12,1278.9,1313.98,5302777856.0,9008043,0
20081106,1288.24,1288.24,1275.32,1280.94,3532139776.0,6175313,0
20081107,1262.62,1308.61,1256.86,1300.9,3721555200.0,6605559,0
20081110,1322.79,1391.87,1322.79,1391.87,8367636992.0,13980953,0
20081111,1389.52,1401.16,1369.48,1371.46,7738451968.0,12679561,0
20081112,1357.26,1383.1,1351.64,1382.75,6275597824.0,10326490,0
20081113,1366.92,1452.6,1359.38,1437.0,11974822912.0,18761246,0
20081114,1445.23,1477.75,1426.99,1475.13,14644502528.0,21929021,0
20081117,1473.89,1519.0,1461.79,1518.94,13817978880.0,21280011,0
20081118,1513.66,1531.6,1411.98,1422.78,17348816896.0,28326585,0
20081119,1418.26,1511.43,1416.76,1509.64,15212696576.0,23718041,0
20081120,1489.13,1526.15,1474.54,1489.53,14884895744.0,23055140,0
20081121,1454.02,1510.55,1423.7,1480.88,12369404928.0,19688005,0
20081124,1480.04,1489.17,1421.2,1422.58,8139959296.0,12912091,0
20081125,1439.66,1453.86,1391.29,1419.8,6757045760.0,10472388,0
20081126,1419.09,1447.64,1413.94,1436.82,6944209408.0,11122296,0
20081127,1521.32,1527.76,1448.57,1450.44,12633188352.0,18888742,0
20081128,1440.91,1457.44,1420.87,1431.82,7254029312.0,11215992,0
20081201,1425.1,1450.02,1407.08,1449.54,7411558912.0,11511882,0
20081202,1423.79,1460.86,1416.51,1445.06,10392943616.0,15607332,0
20081203,1454.69,1503.44,1453.87,1503.21,16164390912.0,22418385,0
20081204,1516.83,1563.35,1513.06,1522.57,23489187840.0,30817528,0
20081205,1509.25,1532.07,1497.82,1531.47,14392850432.0,20248073,0
20081208,1550.9,1589.03,1537.14,1588.32,24920743936.0,33509170,0
20081209,1592.95,1596.58,1554.07,1555.19,23116453888.0,28775177,0
20081210,1545.88,1572.73,1524.33,1571.95,17402945536.0,22889292,0
20081211,1570.7,1583.51,1536.51,1539.0,17631338496.0,22071204,0
20081212,1528.21,1536.12,1474.96,1490.57,15229097984.0,21067177,0
20081215,1511.17,1519.67,1476.84,1499.36,12455000064.0,17524135,0
20081216,1486.74,1500.95,1447.9,1500.37,11081438208.0,15237620,0
20081217,1504.09,1522.31,1498.12,1505.63,12106344448.0,16661856,0
20081218,1503.77,1530.05,1493.03,1528.55,12044004352.0,15807680,0
20081219,1526.38,1548.55,1518.85,1532.58,14113444864.0,18978545,0
20081222,1529.73,1532.05,1497.14,1511.82,11153638400.0,14947969,0
20081223,1514.77,1514.77,1442.84,1443.19,13250191360.0,18534713,0
20081224,1427.91,1433.06,1403.72,1414.61,9620363264.0,13910921,0
20081225,1415.28,1423.86,1381.68,1396.4,8037593600.0,11770812,0
20081226,1396.9,1406.93,1383.06,1393.45,6376893952.0,9497297,0
20081229,1390.71,1402.14,1366.01,1399.12,6625972224.0,9658222,0
20081230,1398.28,1410.73,1384.61,1389.67,6811664896.0,9764763,0
20081231,1390.36,1400.77,1376.84,1378.87,5965548544.0,8662735,0
20090105,1399.74,1424.29,1394.75,1423.94,8247710208.0,11391556,0
20090106,1421.47,1473.13,1416.04,1471.41,13890952192.0,18072801,0
20090107,1473.73,1482.95,1462.43,1465.41,12281972736.0,16533526,0
20090108,1442.96,1446.0,1427.78,1439.59,10805236736.0,14714167,0
20090109,1442.66,1466.92,1442.66,1461.64,10258120704.0,13630974,0
20090112,1457.3,1476.38,1446.43,1458.24,10632098816.0,14420552,0
20090113,1445.32,1446.29,1424.56,1425.0,7857227264.0,11117816,0
20090114,1424.09,1468.64,1424.09,1468.6,9805108224.0,12512023,0
20090115,1457.99,1479.8,1454.23,1466.84,14287260672.0,19739924,0
20090116,1473.4,1508.7,1473.4,1492.65,16776617984.0,22645616,0
20090119,1508.42,1536.57,1498.05,1512.88,15597428736.0,21353417,0
20090120,1511.53,1515.17,1485.43,1514.56,9654864896.0,13229974,0
20090121,1493.5,1516.26,1488.96,1500.57,11140584448.0,15018656,0
20090122,1509.49,1530.09,1504.92,1527.32,13508283392.0,16633999,0
20090123,1527.33,1533.41,1517.64,1520.85,13580880896.0,17902822,0
20090202,1533.57,1543.04,1519.08,1543.04,11340636160.0,15198691,0
20090203,1541.12,1575.95,1536.19,1575.55,17795745792.0,24641438,0
20090204,1583.56,1602.31,1583.23,1602.25,20761020416.0,27335053,0
20090205,1603.55,1635.73,1584.93,1597.71,26398138368.0,33504201,0
20090206,1601.61,1661.36,1601.61,1656.8,23930507264.0,31493434,0
20090209,1680.71,1712.6,1671.18,1703.33,30307702784.0,38262128,0
20090210,1696.76,1735.08,1678.8,1734.83,27603468288.0,33538762,0
20090211,1708.83,1758.42,1698.53,1737.0,34993123328.0,42166998,0
20090212,1739.48,1749.94,1676.89,1725.01,29338912768.0,34377371,0
20090213,1725.07,1778.59,1707.5,1777.09,34010003456.0,40868872,0
20090216,1794.26,1821.65,1768.04,1821.31,38452944896.0,44362104,0
20090217,1819.93,1832.49,1770.09,1770.81,37465063424.0,41029451,0
20090218,1731.99,1749.97,1678.06,1678.97,29496115200.0,35355405,0
20090219,1690.69,1708.38,1670.13,1699.14,20110479360.0,23830695,0
20090220,1703.05,1735.42,1682.79,1734.87,21004789760.0,24943513,0
20090223,1727.31,1774.35,1706.88,1768.53,25695363072.0,30131320,0
20090224,1745.45,1764.44,1686.75,1689.2,29040486400.0,34729488,0
20090225,1707.6,1716.21,1642.97,1681.51,21907738624.0,26613662,0
20090226,1682.92,1707.76,1589.88,1608.9,21751756800.0,26968356,0
20090227,1593.9,1602.65,1545.48,1558.68,18208393216.0,23749831,0
20090302,1543.58,1577.19,1539.9,1572.38,11723623424.0,15692163,0
20090303,1537.8,1568.07,1528.54,1555.73,13944930304.0,17928746,0
20090304,1560.33,1646.89,1560.33,1643.08,22351138816.0,27911448,0
20090305,1660.77,1671.34,1624.65,1657.23,27413919744.0,33844083,0
20090306,1627.71,1656.2,1618.64,1641.19,18387824640.0,22586818,0
20090309,1652.85,1668.58,1588.01,1590.87,17500833792.0,21817666,0
20090310,1577.89,1631.7,1575.26,1631.47,13095351296.0,15871412,0
20090311,1659.51,1662.2,1609.63,1614.44,16094008320.0,19151903,0
20090312,1605.71,1611.99,1573.98,1608.3,11815914496.0,14795303,0
20090313,1620.94,1631.59,1599.04,1602.66,11586081792.0,13906134,0
20090316,1597.34,1612.32,1581.99,1609.92,8525220352.0,10844428,0
20090317,1611.4,1662.89,1606.09,1658.97,18612099072.0,21527416,0
20090318,1666.8,1693.52,1663.22,1673.38,23554758656.0,26217031,0
20090319,1675.18,1721.07,1675.18,1719.29,26978725888.0,28835088,0
20090320,1727.66,1740.41,1705.3,1728.5,31090247680.0,31514631,0
20090323,1731.04,1761.82,1721.61,1755.31,27716304896.0,30264657,0
20090324,1776.03,1779.97,1754.77,1768.82,27011745792.0,30105472,0
20090325,1764.15,1778.92,1725.08,1725.22,25470197760.0,28482653,0
20090326,1728.43,1780.7,1709.79,1780.4,30342705152.0,35338032,0
20090327,1795.78,1812.07,1786.81,1799.86,35126435840.0,42396161,0
20090330,1805.06,1817.09,1790.0,1795.53,26606014464.0,31136851,0
20090331,1762.1,1804.93,1751.33,1804.67,25368659968.0,28305943,0
20090401,1812.13,1852.91,1811.54,1845.16,38520999936.0,40488650,0
20090402,1849.35,1871.67,1844.06,1854.86,38751457280.0,41418814,0
20090403,1868.65,1872.81,1825.45,1832.18,32212250624.0,32929676,0
20090407,1832.35,1863.46,1831.77,1863.24,23304583168.0,24649272,0
20090408,1855.82,1859.95,1801.84,1802.02,27757178880.0,28709374,0
20090409,1799.59,1819.94,1777.02,1815.57,20217511936.0,20711535,0
20090410,1827.79,1870.87,1815.0,1870.74,29443858432.0,29608742,0
20090413,1889.34,1946.72,1888.31,1946.27,45588819968.0,43699650,0
20090414,1944.66,1958.74,1923.16,1953.07,37621669888.0,36044489,0
20090415,1941.47,1976.22,1930.79,1970.81,37441232896.0,36924447,0
20090416,1974.16,1978.79,1934.2,1954.38,32457187328.0,33239072,0
20090417,1948.95,1948.95,1898.42,1917.54,29701443584.0,29502834,0
20090420,1916.29,1976.08,1915.36,1974.68,30306924544.0,31555417,0
20090421,1948.3,1976.1,1928.1,1964.14,33607782400.0,36053569,0
20090422,1972.55,1992.37,1885.19,1895.7,37298417664.0,40318362,0
20090423,1884.01,1924.38,1873.74,1916.78,24600000512.0,25102698,0
20090424,1925.46,1926.36,1897.36,1900.45,21503748096.0,21875633,0
20090427,1898.58,1908.66,1863.24,1873.71,21258049536.0,23921077,0
20090428,1857.78,1882.44,1851.48,1876.8,19389290496.0,20190215,0
20090429,1877.55,1926.96,1873.89,1921.44,24999438336.0,25055950,0
20090430,1930.51,1942.56,1914.71,1926.39,24082315264.0,25403572,0
20090504,1934.09,2003.14,1934.09,2003.03,31669923840.0,30280428,0
20090505,2015.2,2019.6,1992.19,2008.18,31580168192.0,31460564,0
20090506,2004.75,2043.5,1998.69,2036.34,33353613312.0,31469667,0
20090507,2052.95,2057.34,1996.74,2030.68,34981793792.0,33869929,0
20090508,2017.77,2054.21,2009.01,2041.18,35162398720.0,33444156,0
20090511,2052.04,2057.07,1985.78,1985.78,36367400960.0,36352132,0
20090512,1971.19,2025.29,1967.55,2024.05,23512924160.0,22605397,0
20090513,2024.79,2059.27,2021.64,2057.14,31494141952.0,28049337,0
20090514,2033.38,2066.05,2027.97,2059.8,27923345408.0,26215192,0
20090515,2066.04,2076.39,2045.45,2067.16,25827647488.0,24234750,0
20090518,2060.36,2108.01,2033.32,2102.59,35959234560.0,30414080,0
20090519,2119.4,2122.34,2091.35,2104.2,36480667648.0,31565485,0
20090520,2106.3,2121.23,2093.95,2095.22,32537458688.0,29006944,0
20090521,2085.08,2102.15,2034.22,2043.84,32727830528.0,29115264,0
20090522,2030.28,2049.34,2017.19,2032.07,24105156608.0,20721401,0
20090525,1990.78,2046.99,1973.59,2040.56,29947127808.0,25393754,0
20090526,2039.96,2043.55,2005.74,2008.41,26936139776.0,22304961,0
20090527,2020.18,2029.7,2001.45,2023.03,23087962112.0,20890811,0
20090601,2055.27,2091.97,2054.03,2090.83,36488798208.0,32342681,0
20090602,2106.26,2110.45,2085.15,2095.02,35307741184.0,33438891,0
20090603,2093.9,2109.98,2085.23,2109.42,30437863424.0,29382362,0
20090604,2096.58,2111.73,2062.76,2110.67,34918154240.0,32918030,0
20090605,2119.71,2125.72,2095.92,2098.73,31774154752.0,29601686,0
20090608,2098.49,2101.43,2067.32,2079.69,25888937984.0,24086557,0
20090609,2078.51,2087.31,2040.45,2081.28,23208194048.0,23111235,0
20090610,2090.55,2117.09,2087.38,2116.92,30599071744.0,30411055,0
20090611,2114.74,2118.08,2081.76,2087.95,25697777664.0,25128558,0
20090612,2083.19,2095.1,2037.14,2046.83,24388603904.0,23562545,0
20090615,2045.11,2057.17,2021.68,2056.53,19258064896.0,17177160,0
20090616,2037.97,2064.91,2033.2,2055.99,18253697024.0,16941830,0
20090617,2056.41,2084.11,2044.16,2081.99,21111830528.0,19745739,0
20090618,2087.95,2119.61,2087.95,2118.24,30592817152.0,27064024,0
20090619,2121.76,2136.62,2100.24,2135.22,33310351360.0,34690141,0
20090622,2148.99,2154.58,2124.76,2131.29,32079302656.0,32731989,0
20090623,2099.94,2138.98,2090.02,2116.09,29213351936.0,28890788,0
20090624,2116.42,2160.72,2116.42,2160.54,32022411264.0,29842153,0
20090625,2164.2,2173.15,2137.67,2143.11,25419188224.0,23558950,0
20090626,2151.0,2157.03,2138.09,2145.86,22566864896.0,19859474,0
20090629,2146.56,2193.9,2135.54,2193.48,31724673024.0,28164143,0
20090630,2204.27,2211.59,2174.98,2179.34,31345600512.0,27193788,0
20090701,2172.6,2201.53,2170.4,2200.23,27641479168.0,24662717,0
20090702,2209.31,2243.13,2209.31,2242.93,38197022720.0,34220541,0
20090703,2225.69,2278.63,2220.86,2278.16,39480119296.0,34295427,0
20090706,2286.96,2321.41,2278.01,2314.85,46720753664.0,42911313,0
20090707,2310.33,2327.96,2291.25,2301.57,42267340800.0,40928759,0
20090708,2279.87,2323.98,2260.4,2323.38,35285635072.0,31936930,0
20090709,2324.9,2354.12,2316.49,2354.12,37816139776.0,33620696,0
20090710,2354.83,2368.38,2341.56,2348.73,33658994688.0,31513002,0
20090713,2340.91,2345.91,2318.85,2321.52,33125384192.0,29852909,0
20090714,2325.46,2373.15,2325.46,2372.61,38629629952.0,35702721,0
20090715,2383.46,2439.98,2381.3,2431.43,51535392768.0,45719159,0
20090716,2446.94,2457.12,2404.2,2410.17,44356407296.0,38188780,0
20090717,2407.66,2444.1,2400.67,2442.88,38555574272.0,32024866,0
20090720,2456.92,2541.74,2456.92,2538.62,57790365696.0,48625613,0
20090721,2544.69,2544.69,2475.62,2480.33,47109976064.0,40752595,0
20090722,2474.05,2571.81,2474.05,2560.13,49077346304.0,38080562,0
20090723,2562.28,2590.34,2547.36,2589.28,42308771840.0,34766875,0
20090724,2603.35,2651.31,2565.64,2627.22,58527232000.0,46995760,0
20090727,2636.26,2666.32,2616.26,2665.69,56729464832.0,48154355,0
20090728,2662.91,2664.18,2623.18,2655.37,51536400384.0,43662178,0
20090729,2643.86,2661.28,2435.01,2512.0,56991899648.0,48454813,0
20090730,2516.63,2556.3,2452.48,2556.16,43595882496.0,37652663,0
20090731,2575.91,2646.93,2565.05,2641.41,48209408000.0,40696762,0
20090803,2656.23,2708.83,2631.57,2702.84,55568965632.0,46595957,0
20090804,2708.72,2754.02,2659.99,2753.7,56645115904.0,44521543,0
20090805,2747.03,2761.21,2681.42,2723.23,54210060288.0,44784830,0
20090806,2695.43,2699.79,2620.54,2646.23,42913787904.0,34274573,0
20090807,2645.69,2669.33,2531.76,2546.92,43005177856.0,34548597,0
20090810,2570.81,2591.34,2495.19,2545.18,31365341184.0,24806263,0
20090811,2558.72,2567.57,2517.11,2560.35,25339262976.0,19930534,0
20090812,2553.1,2553.1,2418.6,2424.95,31526256640.0,26591973,0
20090813,2425.09,2447.69,2379.55,2438.93,27971004416.0,22587275,0
20090814,2442.69,2448.83,2357.05,2359.81,29028947968.0,25068546,0
20090817,2316.01,2329.15,2204.5,2205.41,28857597952.0,26094250,0
20090818,2185.15,2256.4,2172.27,2249.61,23111182336.0,21124007,0
20090819,2256.92,2259.92,2108.66,2129.48,24647569408.0,22468998,0
20090820,2141.56,2239.15,2141.56,2237.43,29107210240.0,23644521,0
20090821,2233.07,2289.19,2216.92,2287.58,30713126912.0,24810809,0
20090824,2296.53,2328.23,2274.04,2313.5,29301919744.0,22540318,0
20090825,2299.44,2299.44,2178.9,2255.28,31381272576.0,26504996,0
20090826,2232.84,2329.57,2220.15,2296.25,26499411968.0,23563703,0
20090827,2281.75,2323.16,2255.99,2292.9,28036278272.0,25910054,0
20090828,2285.72,2293.9,2200.16,2214.01,26543314944.0,23563902,0
20090831,2179.45,2179.45,2044.05,2047.34,26176626688.0,23591185,0
20090901,2027.45,2079.37,2005.58,2037.01,20902932480.0,18767369,0
20090902,2038.8,2075.19,2025.79,2062.23,18997860352.0,16699220,0
20090903,2066.0,2174.62,2057.27,2167.08,27194615808.0,24218785,0
20090904,2164.46,2192.79,2153.91,2177.85,25690253312.0,22481688,0
20090907,2189.47,2221.28,2170.23,2186.54,24334669824.0,22022005,0
20090908,2172.3,2233.63,2144.36,2233.56,28312946688.0,22436495,0
20090909,2247.31,2261.22,2218.21,2258.32,30667057152.0,24875091,0
20090910,2251.15,2268.06,2230.85,2239.46,23062962176.0,19704971,0
20090911,2234.66,2290.89,2233.0,2281.7,26970814464.0,22818110,0
20090914,2283.07,2328.42,2282.93,2319.29,30162321408.0,26911476,0
20090915,2322.86,2349.88,2317.71,2332.9,31733776384.0,27600521,0
20090916,2330.0,2331.55,2269.74,2305.83,29590001664.0,25366659,0
20090917,2315.43,2359.72,2315.43,2356.1,30726393856.0,28558553,0
20090918,2365.12,2374.07,2258.75,2278.09,31390787584.0,28363579,0
20090921,2260.38,2290.29,2206.61,2288.97,22918856704.0,20283598,0
20090922,2282.67,2304.09,2222.84,2222.84,23982258176.0,21618248,0
20090923,2221.76,2243.7,2148.93,2160.47,22605737984.0,20382481,0
20090924,2146.77,2181.02,2103.5,2153.99,18658826240.0,17085960,0
20090925,2145.71,2163.24,2122.89,2140.56,13953067008.0,13571751,0
20090928,2150.91,2165.56,2075.02,2082.62,13636401152.0,13014517,0
20090929,2083.0,2094.57,2032.49,2061.45,13531557888.0,13445368,0
20090930,2076.09,2106.19,2072.53,2078.44,11548119040.0,11246605,0
20091009,2127.2,2200.21,2125.45,2200.01,18919983104.0,16296311,0
20091012,2207.1,2207.1,2171.09,2174.73,16171975680.0,14646128,0
20091013,2173.06,2218.21,2171.26,2217.2,17557776384.0,15157902,0
20091014,2225.87,2280.48,2225.24,2246.28,27698329600.0,23359852,0
20091015,2267.17,2281.24,2241.76,2253.03,19716382720.0,16854248,0
20091016,2268.21,2283.64,2226.26,2265.81,21825619968.0,17246537,0
20091019,2265.02,2316.62,2249.17,2314.58,27008382976.0,21226220,0
20091020,2331.52,2347.11,2321.86,2342.41,30615707648.0,26219543,0
20091021,2338.33,2354.2,2326.22,2326.43,25701283840.0,22387188,0
20091022,2327.58,2337.61,2308.94,2310.79,19784843264.0,16161147,0
20091023,2315.29,2382.33,2315.29,2366.13,32755798016.0,25780839,0
20091026,2369.86,2371.79,2338.73,2356.79,24111067136.0,20217018,0
20091027,2337.33,2337.33,2276.39,2276.81,25354176512.0,21680424,0
20091028,2270.64,2305.21,2257.75,2303.67,22599917568.0,18847287,0
20091029,2259.76,2274.96,2242.4,2248.14,20352894976.0,17274059,0
20091030,2288.87,2296.94,2262.37,2263.65,20094648320.0,16782918,0
20091102,2212.23,2318.38,2205.01,2318.31,25055977472.0,21635052,0
20091103,2324.61,2354.27,2320.47,2352.37,27102369792.0,23694640,0
20091104,2358.8,2373.13,2344.4,2363.78,26172905472.0,24168867,0
20091105,2369.25,2396.14,2359.82,2392.87,28970637312.0,28245270,0
20091106,2410.67,2421.4,2399.51,2404.79,31470151680.0,30085173,0
20091109,2404.38,2417.68,2383.67,2409.43,26929416192.0,25498043,0
20091110,2434.31,2440.68,2405.1,2407.35,27819261952.0,25166949,0
20091111,2404.47,2407.35,2375.84,2395.46,22983528448.0,21291272,0
20091112,2400.34,2416.48,2389.48,2397.78,26187296768.0,24965785,0
20091113,2390.08,2406.43,2358.08,2405.84,30079354880.0,28385045,0
20091116,2420.96,2496.42,2420.96,2496.34,49577144320.0,41906513,0
20091117,2509.85,2512.25,2486.78,2495.23,38067093504.0,31855291,0
20091118,2502.04,2543.47,2500.12,2527.35,41854042112.0,34564268,0
20091119,2537.36,2552.16,2513.42,2551.8,38743715840.0,35215764,0
20091120,2547.94,2553.36,2520.08,2531.65,38683357184.0,35724196,0
20091123,2534.73,2550.55,2525.06,2550.42,33873106944.0,29699270,0
20091124,2558.43,2576.88,2440.39,2448.53,50251870208.0,42922569,0
20091125,2440.45,2510.55,2430.05,2510.42,35816935424.0,31185536,0
20091126,2517.6,2533.45,2415.42,2422.9,42747555840.0,37578995,0
20091127,2392.43,2426.87,2356.2,2367.87,29545861120.0,24963311,0
20091130,2387.45,2458.64,2385.61,2458.33,29326768128.0,24674120,0
20091201,2455.31,2490.64,2438.71,2489.59,31852834816.0,28119005,0
20091202,2503.22,2520.55,2489.45,2509.81,32333322240.0,27735950,0
20091203,2508.28,2519.43,2481.72,2519.17,32404553728.0,27198844,0
20091204,2513.35,2550.0,2466.09,2540.54,51099713536.0,43092158,0
20091207,2543.64,2558.86,2526.45,2550.02,31161798656.0,26786129,0
20091208,2548.37,2548.37,2487.77,2513.95,29032828928.0,25026862,0
20091209,2482.09,2505.02,2461.02,2468.41,24426610688.0,21167152,0
20091210,2480.22,2496.14,2453.96,2477.18,18578247680.0,16580266,0
20091211,2485.23,2497.68,2468.51,2471.37,17164672000.0,15251821,0
20091214,2477.05,2514.93,2423.69,2510.75,30052081664.0,26465860,0
20091215,2502.16,2520.43,2495.62,2502.32,22401140736.0,18872892,0
20091216,2500.09,2531.07,2485.88,2492.83,21601900544.0,18734759,0
20091217,2503.47,2509.35,2428.69,2430.25,22903212032.0,21097135,0
20091218,2413.21,2421.03,2374.18,2378.15,22100899840.0,20112417,0
20091221,2376.71,2388.69,2354.17,2381.95,16048308224.0,13906740,0
20091222,2385.58,2387.53,2305.49,2312.97,19938076672.0,17153142,0
20091223,2312.36,2337.83,2307.24,2333.32,17692846080.0,15433924,0
20091224,2341.34,2410.72,2337.72,2410.26,23764310016.0,19793686,0
20091225,2410.09,2410.09,2386.71,2399.36,16055955456.0,13561205,0
20091228,2405.28,2438.81,2405.28,2433.36,18602780672.0,15971691,0
20091229,2435.94,2444.82,2410.01,2444.67,18645635072.0,16738247,0
20091230,2447.09,2475.32,2443.75,2473.33,27443988480.0,22765311,0
20091231,2475.25,2480.37,2459.23,2479.24,21870684160.0,17298085,0
20100104,2492.76,2496.02,2460.04,2460.04,21735847936.0,18493578,0
20100105,2470.5,2508.37,2458.77,2508.37,30836041728.0,24888484,0
20100106,2509.68,2537.68,2498.23,2498.98,30088716288.0,23538513,0
20100107,2501.15,2517.33,2441.15,2451.28,28488873984.0,23678584,0
20100108,2442.85,2459.18,2421.08,2456.33,24350795776.0,19773841,0
20100111,2515.33,2520.07,2455.03,2466.58,30556651520.0,24932862,0
20100112,2463.77,2523.8,2450.3,2523.61,40229838848.0,35394544,0
20100113,2469.81,2509.06,2452.29,2460.72,45745319936.0,36759405,0
20100114,2470.69,2500.24,2461.22,2500.17,34120148992.0,28482692,0
20100115,2498.63,2511.71,2477.66,2496.39,26545360896.0,22247167,0
20100118,2492.18,2526.0,2485.76,2525.84,33401157632.0,30001619,0
20100119,2531.32,2546.16,2522.25,2528.99,32335183872.0,26636065,0
20100120,2532.9,2534.62,2442.8,2447.22,38733824000.0,34360713,0
20100121,2446.87,2457.67,2409.14,2435.96,29632411648.0,24000552,0
20100122,2404.58,2415.91,2338.78,2384.14,30919845888.0,25706841,0
20100125,2366.13,2389.8,2349.7,2350.66,16001748992.0,14152412,0
20100126,2353.03,2363.64,2262.42,2278.77,20024281088.0,17511520,0
20100127,2279.03,2304.2,2253.15,2272.55,17111989248.0,14471693,0
20100128,2274.02,2300.06,2261.81,2295.25,16451764224.0,14278719,0
20100129,2284.16,2317.79,2275.14,2286.25,18465247232.0,16948876,0
20100201,2275.92,2275.92,2210.19,2226.46,20155623424.0,18323030,0
20100202,2241.61,2261.59,2217.48,2220.07,17981335552.0,16405871,0
20100203,2231.91,2297.94,2190.9,2297.15,28518547456.0,24993611,0
20100204,2282.32,2315.43,2271.86,2297.38,27790516224.0,25366014,0
20100205,2243.58,2268.38,2223.87,2242.95,27267983360.0,25773995,0
20100208,2239.87,2259.99,2230.51,2249.35,15160184832.0,14204093,0
20100209,2246.54,2274.95,2245.74,2264.78,17943996416.0,17851171,0
20100210,2283.25,2290.71,2269.49,2287.4,15707077632.0,14455748,0
20100211,2290.68,2297.59,2278.36,2281.42,12503546880.0,11749455,0
20100212,2289.66,2312.2,2288.69,2311.21,13689389056.0,11955325,0
20100222,2313.96,2321.21,2299.3,2299.87,16335986688.0,15116036,0
20100223,2296.48,2296.48,2246.54,2283.75,16043255808.0,14346685,0
20100224,2268.46,2319.36,2260.15,2318.95,18350665728.0,17035620,0
20100225,2327.15,2351.46,2321.05,2350.45,23775930368.0,21810122,0
20100226,2342.4,2353.37,2333.95,2341.2,18983495680.0,17198666,0
20100301,2342.29,2371.87,2340.51,2368.81,21796415488.0,19803974,0
20100302,2369.14,2372.74,2337.26,2346.08,21001891840.0,17485323,0
20100303,2345.61,2370.52,2338.72,2368.85,22508933120.0,21312498,0
20100304,2371.95,2379.95,2304.77,2309.17,24358504448.0,22721462,0
20100305,2311.55,2324.9,2295.76,2313.53,19076212736.0,17664912,0
20100308,2322.74,2335.48,2314.71,2327.82,15072512000.0,13600529,0
20100309,2326.54,2352.02,2302.35,2339.62,19729500160.0,16277829,0
20100310,2337.22,2347.27,2304.82,2315.33,16588233728.0,14585507,0
20100311,2316.9,2328.25,2293.04,2312.55,15783456768.0,14612782,0
20100312,2314.39,2320.1,2278.42,2280.11,14316402688.0,13159175,0
20100315,2279.07,2280.05,2238.54,2247.02,13476584448.0,12112787,0
20100316,2245.64,2258.29,2230.79,2254.25,11749925888.0,10596747,0
20100317,2261.53,2300.22,2257.89,2300.13,16533860352.0,15051031,0
20100318,2303.92,2310.98,2291.08,2299.43,15391960064.0,13410802,0
20100319,2300.05,2323.29,2284.23,2321.83,16830377984.0,14555985,0
20100322,2322.56,2333.99,2317.96,2330.19,17289973760.0,15097543,0
20100323,2332.09,2340.32,2311.88,2314.59,17226885120.0,14492057,0
20100324,2317.87,2329.86,2311.55,2315.25,16351305728.0,15001732,0
20100325,2310.11,2310.11,2275.08,2280.34,16056435712.0,14818208,0
20100326,2277.6,2317.93,2272.49,2313.08,16141634560.0,15116420,0
20100329,2323.48,2371.2,2320.48,2363.13,27938977792.0,21877316,0
20100330,2365.88,2370.49,2356.16,2367.65,21449236480.0,16935490,0
20100331,2368.7,2368.7,2348.17,2352.85,20762886144.0,18106706,0
20100401,2355.78,2380.79,2355.78,2380.58,23444568064.0,20410034,0
20100402,2387.56,2400.79,2383.74,2399.33,25343174656.0,20533983,0
20100406,2414.39,2425.33,2394.68,2410.58,26406125568.0,20075892,0
20100407,2411.14,2411.14,2386.65,2397.72,17821075456.0,14976384,0
20100408,2392.86,2392.86,2362.8,2369.09,21168078848.0,18033669,0
20100409,2370.81,2396.83,2366.14,2396.83,20899919872.0,17451234,0
20100412,2404.74,2408.03,2377.7,2396.06,25211052032.0,21626425,0
20100413,2395.27,2427.17,2367.58,2416.64,30248681472.0,25197915,0
20100414,2420.93,2426.26,2411.29,2423.96,22482661376.0,18532820,0
20100415,2428.53,2436.87,2407.94,2427.47,22987120640.0,18099782,0
20100416,2421.67,2421.67,2389.23,2396.99,16649467904.0,13321541,0
20100419,2371.86,2371.86,2269.79,2271.09,26525476864.0,22728279,0
20100420,2269.31,2287.31,2239.18,2274.67,18730708992.0,15987501,0
20100421,2283.0,2335.29,2275.91,2334.38,24190738432.0,20240458,0
20100422,2327.97,2338.29,2303.43,2316.64,23252701184.0,19281400,0
20100423,2313.61,2342.41,2302.72,2311.62,25419309056.0,18360659,0
20100426,2318.5,2332.11,2307.99,2312.68,20256651264.0,16079958,0
20100427,2306.14,2306.14,2230.74,2273.86,25216671744.0,21340388,0
20100428,2251.95,2283.77,2235.52,2259.14,17758169088.0,14345890,0
20100429,2269.84,2280.12,2214.19,2214.39,16133037056.0,12972946,0
20100430,2211.94,2219.58,2171.4,2219.52,18531796992.0,14977484,0
20100504,2182.77,2226.17,2175.08,2208.46,13518271488.0,11263907,0
20100505,2183.33,2219.29,2148.88,2218.94,20115537920.0,17398976,0
20100506,2203.51,2203.51,2110.11,2110.89,22140188672.0,17386152,0
20100507,2063.22,2084.39,2033.86,2040.5,18480439296.0,16115993,0
20100510,2044.01,2061.78,2004.41,2041.95,15455678464.0,13826994,0
20100511,2081.99,2085.1,1991.87,1997.74,17809577984.0,16264371,0
20100512,1984.77,2014.81,1961.9,1998.31,12448161792.0,11793837,0
20100513,2002.58,2048.21,1993.81,2047.65,14584622080.0,13809369,0
20100514,2034.2,2054.03,2024.55,2041.58,12886304768.0,12170251,0
20100517,2011.92,2012.4,1920.72,1921.78,14698470400.0,14565914,0
20100518,1920.07,1960.86,1895.61,1953.86,13345734656.0,13395596,0
20100519,1942.12,1980.87,1924.21,1954.34,12438331392.0,11656803,0
20100520,1939.97,1974.65,1922.7,1925.21,10817496064.0,10449426,0
20100521,1872.04,1942.74,1861.74,1942.55,13506387968.0,13202918,0
20100524,1953.63,2030.03,1953.63,2023.86,19908591616.0,18288757,0
20100525,2009.68,2016.09,1969.13,1981.79,15986897920.0,14590742,0
20100526,1978.75,2002.87,1973.54,1984.8,11054452736.0,10402032,0
20100527,1984.52,2028.8,1959.25,2024.66,15462443008.0,14015213,0
20100528,2048.33,2053.79,2011.75,2025.82,16010172416.0,14580133,0
20100531,2015.2,2025.76,1964.5,1964.97,12583823360.0,11580877,0
20100601,1953.43,1969.53,1913.31,1937.94,11293532160.0,10511717,0
20100602,1933.16,1953.81,1910.93,1953.76,9913182208.0,8692765,0
20100603,1962.19,1972.16,1933.09,1933.49,10641734656.0,9975389,0
20100604,1923.39,1939.6,1915.18,1937.14,7733071360.0,7134031,0
20100607,1899.79,1911.59,1883.19,1901.24,9530391552.0,9350595,0
20100608,1901.4,1920.46,1891.58,1909.44,9543128064.0,9217274,0
20100609,1918.64,1958.52,1901.73,1956.13,14837773312.0,14766938,0
20100610,1944.31,1962.45,1937.31,1944.14,11445116928.0,11638140,0
20100611,1955.34,1967.59,1949.69,1955.03,11096501248.0,10402797,0
20100617,1972.39,1977.6,1943.43,1943.76,7929011200.0,7643250,0
20100618,1942.07,1948.5,1898.84,1906.32,9496969216.0,9707696,0
20100621,1909.49,1966.0,1896.33,1965.99,13311696896.0,14312136,0
20100622,1963.33,1977.94,1958.19,1970.51,11423548416.0,12117370,0
20100623,1959.94,1965.04,1926.29,1943.4,10488155136.0,10633672,0
20100624,1944.64,1956.12,1933.22,1940.34,7658346496.0,8113414,0
20100625,1932.98,1940.72,1913.67,1928.88,7884362752.0,8703190,0
20100628,1926.34,1928.35,1899.5,1904.53,7303608832.0,7849192,0
20100629,1905.08,1912.03,1818.66,1818.96,11635524608.0,12887223,0
20100630,1809.31,1810.5,1781.56,1798.42,8165521408.0,9627022,0
20100701,1793.61,1810.02,1768.43,1769.86,7408305664.0,8395190,0
20100702,1769.77,1775.25,1716.63,1771.04,9613041664.0,10908960,0
20100705,1751.72,1761.75,1726.09,1749.16,7263262720.0,8204305,0
20100706,1744.39,1786.78,1742.99,1785.71,8893046784.0,9803888,0
20100707,1783.59,1799.71,1774.72,1799.41,8234788864.0,9304842,0
20100708,1806.29,1808.71,1777.78,1788.41,7137022464.0,8701375,0
20100709,1791.39,1855.26,1777.26,1845.52,13800141824.0,14511156,0
20100712,1845.0,1868.73,1836.83,1863.66,12858650624.0,13025816,0
20100713,1848.63,1848.63,1824.87,1836.91,9291853824.0,10257624,0
20100714,1842.24,1870.33,1842.1,1849.79,10354863104.0,10969113,0
20100715,1847.88,1860.85,1808.29,1808.39,9122670592.0,10255118,0
20100716,1801.11,1821.88,1787.54,1821.76,7915411456.0,8767468,0
20100719,1804.17,1882.65,1798.0,1875.76,15550848000.0,14367869,0
20100720,1879.03,1925.52,1879.03,1924.84,19262945280.0,19029288,0
20100721,1923.91,1960.84,1915.34,1940.55,20785602560.0,23286225,0
20100722,1930.91,1958.38,1926.3,1958.31,15095036928.0,16737493,0
20100723,1964.27,1971.01,1941.18,1960.04,16239879168.0,16424786,0
20100726,1965.52,1977.05,1948.61,1975.62,14812107776.0,15120441,0
20100727,1970.46,1978.07,1954.89,1962.72,14813251584.0,14219869,0
20100728,1960.31,2019.57,1951.92,2014.78,21636214784.0,22105244,0
20100729,2018.76,2029.52,2001.03,2024.12,21625802752.0,22702704,0
20100730,2019.37,2019.48,1992.24,2009.54,15995785216.0,15730430,0
20100802,2011.23,2042.88,2008.52,2038.0,18445686784.0,19472803,0
20100803,2046.52,2058.3,2010.48,2010.48,24218990592.0,22832421,0
20100804,2004.89,2019.04,1972.91,2018.94,18491936768.0,17959463,0
20100805,2017.3,2018.25,1988.85,2001.49,15024669696.0,14518929,0
20100806,1999.79,2039.1,1981.41,2039.1,19486287872.0,19751992,0
20100809,2037.37,2050.8,2029.97,2050.42,18844127232.0,18571757,0
20100810,2052.3,2055.46,1979.93,1980.23,19969994752.0,19375987,0
20100811,1972.62,1998.62,1970.3,1985.99,12234961920.0,11972955,0
20100812,1964.14,1982.75,1946.39,1949.99,13236488192.0,13053395,0
20100813,1950.77,1979.31,1940.98,1979.18,11452768256.0,11366862,0
20100816,1977.46,2038.12,1970.48,2036.31,20574289920.0,21197188,0
20100817,2041.41,2055.18,2033.84,2049.84,22232131584.0,23195646,0
20100818,2051.92,2055.84,2026.34,2039.73,16924873728.0,17831722,0
20100819,2044.77,2080.87,2044.3,2065.87,25263491072.0,21962662,0
20100820,2057.75,2064.8,2017.3,2021.23,21166563328.0,20873251,0
20100823,2020.64,2030.94,2007.7,2015.72,12584457216.0,12843451,0
20100824,2013.23,2039.9,1994.56,2023.35,13896535040.0,14519165,0
20100825,2008.55,2016.22,1972.85,1973.31,15774415872.0,16565753,0
20100826,1989.55,2002.37,1976.29,1986.14,12516606976.0,12376777,0
20100827,1984.01,1988.18,1964.92,1985.45,10367119360.0,10625660,0
20100830,1997.12,2022.63,1990.71,2020.58,16069762048.0,16390368,0
20100831,2011.75,2012.53,1989.25,2001.9,16540905472.0,17025502,0
20100901,2001.46,2017.89,1965.52,1981.36,18767390720.0,18800553,0
20100902,2003.26,2009.6,1988.34,2005.68,18391717888.0,18086308,0
20100903,2007.67,2009.4,1981.25,2000.13,16404691968.0,17123047,0
20100906,2008.62,2048.52,2006.87,2045.55,25919594496.0,23664201,0
20100907,2049.42,2057.75,2038.56,2052.29,21437995008.0,19812905,0
20100908,2044.43,2052.76,2030.62,2052.37,17835034624.0,16673056,0
20100909,2056.58,2056.63,2008.76,2013.08,20286089216.0,19554551,0
20100910,2013.62,2021.46,1981.63,2008.94,15705079808.0,14871463,0
20100913,2011.92,2034.76,2005.51,2026.78,16769862656.0,15787357,0
20100914,2032.91,2037.72,2016.74,2028.22,18716540928.0,19674685,0
20100915,2027.44,2027.44,1998.89,2004.71,22752731136.0,22819235,0
20100916,2002.8,2010.11,1953.29,1971.08,19240046592.0,20045334,0
20100917,1976.13,1981.84,1963.13,1967.35,13701562368.0,13987040,0
20100920,1969.88,1973.95,1941.99,1951.82,13244053504.0,13641309,0
20100921,1957.22,1962.25,1942.47,1949.88,8811046912.0,9312730,0
20100927,1959.03,1977.35,1957.54,1977.34,10536543232.0,11059589,0
20100928,1973.41,1973.41,1944.85,1948.04,10929339392.0,11119686,0
20100929,1947.99,1976.1,1944.1,1959.49,14557157376.0,13786732,0
20100930,1952.52,1988.88,1951.57,1988.88,12617806848.0,11847997,0
20101008,2015.27,2086.55,2015.16,2081.27,34583019520.0,27185564,0
20101011,2119.52,2181.45,2119.52,2167.11,53009178624.0,41911654,0
20101012,2158.92,2234.74,2146.7,2225.54,49250045952.0,37835097,0
20101013,2221.25,2242.35,2193.92,2222.68,40100225024.0,31982277,0
20101014,2238.23,2270.9,2214.92,2242.73,49688064000.0,41229162,0
20101015,2226.66,2312.17,2219.72,2307.2,54647537664.0,46981189,0
20101018,2313.32,2359.6,2275.73,2294.24,59431837696.0,53766470,0
20101019,2294.24,2347.12,2276.57,2346.58,42153947136.0,33881758,0
20101020,2290.22,2394.39,2277.39,2358.57,60532682752.0,43394564,0
20101021,2373.04,2384.62,2326.29,2344.9,42110492672.0,30913017,0
20101022,2343.76,2377.92,2337.76,2349.78,42577883136.0,28810856,0
20101025,2356.92,2419.25,2331.97,2418.87,48003801088.0,34622315,0
20101026,2431.53,2439.65,2392.97,2416.73,45176328192.0,34063573,0
20101027,2403.59,2409.83,2363.95,2368.65,38009352192.0,28040058,0
20101028,2359.28,2378.83,2340.99,2350.09,30946527232.0,23195071,0
20101029,2349.26,2359.93,2331.89,2341.22,31145500672.0,24796908,0
20101101,2344.04,2423.39,2344.04,2423.39,46090293248.0,33295279,0
20101102,2431.39,2458.06,2398.43,2406.16,54131904512.0,40527804,0
20101103,2401.62,2404.08,2353.58,2355.26,36550078464.0,29797967,0
20101104,2367.1,2406.83,2367.1,2406.23,35483926528.0,29465780,0
20101105,2446.43,2454.68,2416.25,2430.97,41943699456.0,35704915,0
20101108,2440.59,2452.45,2420.17,2450.7,38235705344.0,33534885,0
20101109,2450.97,2453.6,2426.45,2452.2,41075322880.0,34854037,0
20101110,2445.05,2445.05,2411.72,2433.19,35184959488.0,30233352,0
20101111,2424.93,2506.89,2424.93,2464.06,59706318848.0,44272331,0
20101112,2449.33,2477.01,2316.33,2325.21,60447768576.0,50314735,0
20101115,2329.68,2344.75,2277.01,2318.11,35843510272.0,27879556,0
20101116,2313.89,2313.89,2199.48,2204.21,37598097408.0,29747507,0
20101117,2169.92,2202.56,2145.84,2157.91,26699753472.0,21978615,0
20101118,2177.81,2193.11,2150.22,2181.06,21856299008.0,17240741,0
20101119,2196.85,2199.37,2127.5,2197.91,25173276672.0,21021285,0
20101122,2176.17,2213.79,2167.79,2188.21,23186505728.0,20976891,0
20101123,2180.42,2180.42,2097.1,2136.17,24908431360.0,21126113,0
20101124,2119.73,2176.3,2119.64,2176.24,21368387584.0,17229159,0
20101125,2190.36,2212.26,2176.94,2210.5,23609759744.0,20388080,0
20101126,2207.52,2232.17,2190.46,2207.04,25046980608.0,18295618,0
20101129,2199.51,2205.78,2174.82,2192.69,16879360000.0,13825030,0
20101130,2190.45,2208.83,2105.41,2155.44,24152330240.0,21463134,0
20101201,2147.82,2170.8,2142.82,2163.11,14823294976.0,13335643,0
20101202,2195.93,2201.55,2174.76,2175.28,20441374720.0,15791191,0
20101203,2179.09,2180.31,2153.22,2172.59,13917324288.0,12558772,0
20101206,2181.36,2188.02,2157.2,2176.4,14126960640.0,12689303,0
20101207,2164.46,2201.66,2130.42,2191.76,15666215936.0,12704003,0
20101208,2187.9,2199.97,2168.76,2171.79,15481720832.0,12426572,0
20101209,2160.78,2175.4,2141.15,2141.39,13648245760.0,12870519,0
20101210,2134.45,2179.03,2130.81,2171.01,14902719488.0,13507256,0
20101213,2182.85,2258.81,2180.47,2258.63,30156797952.0,26717588,0
20101214,2269.33,2274.49,2253.61,2268.04,27310383104.0,25748553,0
20101215,2266.61,2296.27,2255.39,2268.55,27157772288.0,21797109,0
20101216,2268.22,2286.56,2256.64,2263.53,20460402688.0,18237155,0
20101217,2260.01,2261.18,2242.89,2252.63,14746566656.0,12120667,0
20101220,2262.39,2269.81,2170.45,2210.85,21208547328.0,17434548,0
20101221,2218.19,2266.7,2216.93,2265.75,23403200512.0,16200791,0
20101222,2273.07,2281.24,2240.61,2251.08,22906165248.0,17246057,0
20101223,2244.49,2262.38,2226.99,2231.64,19541805056.0,15781913,0
20101224,2221.42,2227.53,2188.69,2203.91,14040925184.0,11869775,0
20101227,2205.47,2264.8,2170.97,2179.1,29240883200.0,19780089,0
20101228,2167.15,2172.27,2128.85,2138.41,17239465984.0,14115313,0
20101229,2139.09,2145.78,2109.22,2135.5,14842812416.0,12900568,0
20101230,2138.29,2155.53,2118.54,2142.1,14329536512.0,12678433,0
20101231,2147.79,2193.25,2147.31,2192.93,19397781504.0,15030927,0
20110104,2222.78,2242.01,2213.49,2229.64,30128787456.0,20359877,0
20110105,2214.16,2245.11,2206.9,2244.28,25873752064.0,19028126,0
20110106,2243.28,2253.68,2219.92,2224.32,17311174656.0,12771695,0
20110107,2221.02,2233.05,2193.12,2207.07,20515264512.0,15108892,0
20110110,2203.01,2216.69,2172.23,2176.67,16842256384.0,13312023,0
20110111,2170.34,2191.57,2151.59,2190.27,15090927616.0,13024446,0
20110112,2199.56,2211.11,2171.3,2199.78,14851322880.0,12750400,0
20110113,2207.85,2221.71,2191.02,2210.0,16929736704.0,14526578,0
20110114,2202.19,2202.19,2163.21,2166.91,16067992576.0,13365189,0
20110117,2149.12,2157.73,2089.67,2091.74,19381186560.0,17146572,0
20110118,2084.91,2088.03,2066.47,2081.04,11542504448.0,10734585,0
20110119,2083.58,2137.59,2079.95,2137.32,15755037696.0,13764009,0
20110120,2131.68,2131.68,2060.82,2060.99,16472839168.0,15676588,0
20110121,2054.77,2111.5,2054.48,2089.95,16777322496.0,16232017,0
20110124,2092.13,2109.94,2063.65,2064.25,16555880448.0,16735458,0
20110125,2063.25,2068.15,2038.63,2051.89,11902032896.0,12164726,0
20110126,2052.3,2086.49,2052.3,2083.43,11040897024.0,11550403,0
20110127,2067.31,2133.9,2058.14,2122.85,19740870656.0,19895721,0
20110128,2118.68,2131.9,2110.35,2127.62,13253859328.0,13166685,0
20110131,2126.19,2158.22,2126.19,2158.22,16122267648.0,16061485,0
20110201,2164.95,2174.75,2155.04,2161.39,13307258880.0,11806195,0
20110209,2141.92,2163.33,2113.34,2121.77,15662186496.0,14539057,0
20110210,2116.39,2159.34,2104.64,2158.91,16387798016.0,14874136,0
20110211,2156.09,2165.05,2146.02,2157.33,16843146240.0,16467304,0
20110214,2162.98,2233.85,2162.98,2227.94,30208468992.0,27214900,0
20110215,2230.93,2260.64,2219.97,2228.99,29443840000.0,26691711,0
20110216,2222.36,2258.03,2217.91,2258.03,23249334272.0,20024812,0
20110217,2263.96,2267.13,2232.75,2255.16,21910024192.0,19544269,0
20110218,2252.34,2252.34,2215.47,2220.38,17503571968.0,16320055,0
20110221,2209.79,2254.91,2208.33,2254.69,20598589440.0,18893011,0
20110222,2270.39,2273.55,2193.35,2195.24,30034987008.0,25690668,0
20110223,2187.92,2208.49,2183.43,2201.57,17486233600.0,15698440,0
20110224,2201.73,2226.82,2197.17,2220.33,17966086144.0,15211774,0
20110225,2220.0,2221.88,2188.75,2215.05,14815983616.0,14164441,0
20110228,2217.85,2239.66,2197.67,2238.23,19886606336.0,17980795,0
20110301,2238.87,2257.77,2230.93,2245.1,22591830016.0,19722871,0
20110302,2233.73,2244.53,2208.74,2230.47,18869829632.0,17012824,0
20110303,2235.68,2242.72,2203.19,2203.76,21745369088.0,19705540,0
20110304,2204.18,2244.02,2199.41,2242.43,22602735616.0,19108841,0
20110307,2255.09,2326.55,2255.09,2325.55,46909616128.0,32654199,0
20110308,2332.19,2332.19,2302.62,2321.94,32963536896.0,22652543,0
20110309,2320.65,2325.87,2303.92,2319.15,25027012608.0,19573746,0
20110310,2313.03,2313.03,2264.38,2266.8,24804380672.0,19013517,0
20110311,2253.68,2280.13,2243.61,2247.77,21816115200.0,17275212,0
20110314,2241.2,2258.89,2230.23,2254.99,20949606400.0,16559007,0
20110315,2243.02,2243.02,2167.09,2201.22,26037487616.0,21470549,0
20110316,2200.93,2235.91,2200.93,2230.66,21602451456.0,17280067,0
20110317,2212.84,2263.57,2197.85,2218.79,26342088704.0,23475881,0
20110318,2243.38,2251.44,2223.09,2227.59,17031956480.0,14079921,0
20110321,2231.87,2245.45,2212.49,2221.23,16686971904.0,13705309,0
20110322,2231.03,2233.66,2198.03,2224.0,15331131392.0,13520385,0
20110323,2226.73,2256.11,2222.38,2255.86,21024874496.0,18167578,0
20110324,2259.15,2263.76,2246.88,2248.38,18927556608.0,16041669,0
20110325,2250.74,2278.98,2247.54,2272.86,23727321088.0,19515430,0
20110328,2276.9,2305.17,2276.88,2282.52,29174386688.0,23535507,0
20110329,2279.03,2288.72,2253.36,2256.18,25944221696.0,22663466,0
20110330,2254.42,2260.97,2233.99,2244.49,19735369728.0,18220556,0
20110331,2244.14,2255.38,2212.6,2222.97,15446541312.0,13367305,0
20110401,2228.23,2261.59,2211.21,2261.26,20695001088.0,15723971,0
20110406,2252.55,2285.64,2247.02,2284.86,30013730816.0,22136857,0
20110407,2287.84,2291.13,2269.85,2284.26,20445999104.0,16247149,0
20110408,2282.51,2306.94,2277.85,2306.75,23632867328.0,19402316,0
20110411,2315.35,2339.71,2303.21,2305.54,32886417408.0,24422759,0
20110412,2296.08,2333.65,2294.43,2319.76,31621011456.0,32829194,0
20110413,2307.07,2341.13,2298.81,2340.84,27251675136.0,25627210,0
20110414,2340.9,2342.91,2318.47,2323.53,22147196928.0,20318315,0
20110415,2319.16,2337.63,2296.04,2320.44,21741051904.0,18816532,0
20110418,2313.27,2339.6,2310.41,2324.8,23153848320.0,22103723,0
20110419,2308.11,2308.11,2272.15,2273.77,22886504448.0,19930343,0
20110420,2283.93,2292.35,2275.92,2286.64,17393188864.0,15792538,0
20110421,2301.18,2315.9,2291.97,2309.64,21230792704.0,19288137,0
20110422,2308.54,2316.28,2298.08,2306.18,22114041856.0,21855303,0
20110425,2301.1,2301.1,2257.68,2257.68,21702291456.0,19933407,0
20110426,2253.43,2265.35,2228.48,2241.13,16698456064.0,16375516,0
20110427,2247.84,2259.46,2215.15,2231.67,16424429568.0,16088233,0
20110428,2243.52,2247.81,2188.7,2189.94,17106109440.0,16425527,0
20110429,2189.67,2242.55,2189.67,2241.83,17300463616.0,19265647,0
20110503,2242.08,2258.87,2228.39,2258.49,17597945856.0,20704682,0
20110504,2246.34,2246.34,2188.06,2197.14,23321749504.0,24764018,0
20110505,2189.04,2199.73,2181.21,2191.4,13355533312.0,13062156,0
20110506,2163.4,2200.34,2153.47,2184.56,18024042496.0,17384307,0
20110509,2187.72,2205.43,2181.61,2192.45,14287039488.0,15526759,0
20110510,2199.22,2208.43,2191.51,2208.43,14427936768.0,15268263,0
20110511,2212.09,2219.13,2190.19,2204.13,14728452096.0,15259488,0
20110512,2187.08,2202.87,2173.64,2174.36,15983787008.0,15930260,0
20110513,2178.45,2194.89,2162.47,2194.47,15500297216.0,14634951,0
20110516,2192.13,2202.7,2175.15,2179.93,14142569472.0,13342790,0
20110517,2176.37,2211.72,2157.55,2193.72,18104557568.0,14456235,0
20110518,2187.85,2214.72,2182.89,2206.0,14392686592.0,11527511,0
20110519,2210.81,2211.81,2182.02,2182.95,11268023296.0,10379929,0
20110520,2182.17,2186.46,2172.29,2181.07,8990031872.0,9079736,0
20110523,2178.77,2178.77,2105.63,2105.82,15940535296.0,16197216,0
20110524,2099.33,2111.45,2090.84,2109.95,11024063488.0,10099278,0
20110525,2108.22,2120.15,2086.73,2090.54,11896975360.0,10906004,0
20110526,2105.85,2114.09,2078.11,2079.11,9399792640.0,9182282,0
20110527,2083.96,2096.37,2068.11,2068.11,13798374400.0,11771588,0
20110530,2065.79,2082.69,2048.58,2052.59,10277449728.0,9497957,0
20110531,2057.71,2088.47,2044.87,2088.19,11376374784.0,9407027,0
20110601,2084.89,2095.21,2077.8,2092.35,10556003328.0,9231609,0
20110602,2069.28,2078.47,2044.48,2070.28,12896749568.0,11058687,0
20110603,2066.55,2093.73,2066.55,2087.65,10261378048.0,8686078,0
20110607,2081.23,2096.69,2076.91,2095.96,8157763072.0,6807102,0
20110608,2093.23,2098.11,2067.91,2094.95,8348979200.0,7836600,0
20110609,2092.63,2102.74,2059.53,2059.53,10436498432.0,9259966,0
20110610,2058.98,2064.35,2033.39,2061.79,9263696896.0,8513929,0
20110613,2049.7,2056.34,2032.15,2053.12,7634680832.0,7719089,0
20110614,2050.03,2083.44,2047.37,2080.42,10905606144.0,9659482,0
20110615,2077.82,2088.17,2068.1,2068.34,9314743296.0,8074958,0
20110616,2050.52,2055.49,2027.14,2027.52,9563932672.0,9418167,0
20110617,2032.21,2043.06,2013.03,2014.43,8972710912.0,7823540,0
20110620,2012.43,2017.07,1992.78,1999.15,9507117056.0,8668434,0
20110621,2007.1,2028.94,1994.67,2028.94,11450850304.0,9096419,0
20110622,2030.73,2030.73,2013.77,2022.86,9607362560.0,8069405,0
20110623,2018.56,2059.51,2011.68,2053.54,11750185984.0,9740826,0
20110624,2045.44,2098.69,2043.83,2086.24,19794894848.0,17122886,0
20110627,2087.13,2104.61,2084.87,2096.4,15036468224.0,12897551,0
20110628,2098.46,2102.21,2078.33,2099.01,11249007616.0,9389610,0
20110629,2098.16,2103.32,2076.5,2076.68,12472583168.0,10395471,0
20110630,2079.3,2116.04,2079.3,2105.95,14132431872.0,11993925,0
20110701,2112.0,2135.98,2102.89,2124.4,19609395200.0,13799984,0
20110704,2134.56,2170.01,2132.82,2164.97,22773147648.0,18128838,0
20110705,2163.74,2173.5,2155.14,2173.5,18232344576.0,15404797,0
20110706,2172.27,2176.45,2149.01,2173.88,18101729280.0,15267712,0
20110707,2173.49,2193.1,2162.07,2165.52,21560502272.0,17299176,0
20110708,2165.51,2173.48,2153.94,2164.71,13199922176.0,10265131,0
20110711,2159.22,2172.56,2152.37,2165.94,14256080896.0,12425686,0
20110712,2148.81,2148.81,2123.62,2125.46,16349604864.0,13750562,0
20110713,2127.42,2156.24,2127.37,2155.33,13845035008.0,11722338,0
20110714,2162.95,2178.96,2154.53,2170.44,17181579264.0,14114295,0
20110715,2164.26,2183.16,2157.97,2180.31,17492365312.0,14653613,0
20110718,2179.11,2185.69,2170.89,2177.01,15671925760.0,13445185,0
20110719,2165.55,2178.1,2156.22,2166.3,16907879424.0,13721100,0
20110720,2179.67,2184.39,2146.97,2156.14,12584585216.0,11006404,0
20110721,2157.71,2160.81,2128.78,2129.16,12267774976.0,10926459,0
20110722,2135.98,2145.24,2127.7,2133.06,10108899328.0,8524895,0
20110725,2126.88,2126.88,2060.0,2066.57,17253007360.0,17348899,0
20110726,2066.2,2078.88,2058.65,2078.06,12622680064.0,13035932,0
20110727,2068.04,2098.87,2059.32,2095.01,12989678592.0,12643917,0
20110728,2074.61,2099.64,2066.4,2095.4,14884655104.0,12863771,0
20110729,2092.24,2099.44,2061.76,2070.98,11932471296.0,10805891,0
20110801,2072.41,2096.99,2068.51,2088.73,10951989248.0,9360570,0
20110802,2077.59,2083.56,2051.62,2083.54,13412298752.0,11321971,0
20110803,2063.65,2091.07,2059.48,2077.41,13711295488.0,10355720,0
20110804,2080.55,2095.65,2074.55,2083.78,10004074496.0,8415277,0
20110805,2026.3,2052.18,2016.08,2036.46,14773526528.0,12966582,0
20110808,2010.64,2017.21,1911.61,1937.94,17409200128.0,16760017,0
20110809,1882.56,1938.01,1859.15,1928.48,16020332544.0,15693194,0
20110810,1958.69,1973.48,1941.51,1944.71,13741137920.0,13129270,0
20110811,1912.2,1973.32,1911.86,1973.17,13714725888.0,14276818,0
20110812,1985.23,2002.47,1981.47,1986.9,13090655232.0,14432624,0
20110815,1992.98,2006.83,1977.41,2006.61,11009093632.0,12079781,0
20110816,2009.79,2014.77,1996.24,2001.68,11865164800.0,10881936,0
20110817,1996.91,2007.0,1987.49,1990.54,9017088000.0,9094496,0
20110818,1989.06,1989.88,1950.49,1951.0,8713993216.0,8369999,0
20110819,1917.07,1933.28,1907.37,1923.96,10224334848.0,9825565,0
20110822,1922.22,1947.97,1911.05,1917.88,8705395712.0,8639740,0
20110823,1926.18,1945.21,1917.45,1945.21,7283588096.0,7655509,0
20110824,1955.84,1961.7,1934.93,1939.14,8567997440.0,8268619,0
20110825,1947.84,2007.12,1945.86,2005.59,15916887040.0,16253956,0
20110826,1993.32,2007.42,1986.24,2002.81,10834627584.0,10880367,0
20110829,1990.75,1990.75,1974.48,1979.14,8978127872.0,8666827,0
20110830,1994.3,2011.21,1968.66,1969.98,10104875008.0,9636278,0
20110831,1968.86,1976.12,1950.68,1969.99,7269676544.0,6936788,0
20110901,1972.95,1985.48,1951.8,1955.36,7014801408.0,7160322,0
20110902,1952.5,1957.61,1924.03,1931.35,6841191936.0,7063632,0
20110905,1915.47,1915.47,1882.29,1882.35,7550301696.0,7294142,0
20110906,1871.72,1885.92,1866.12,1876.47,6338336256.0,6314663,0
20110907,1888.67,1917.22,1880.31,1916.9,7210424832.0,7303643,0
20110908,1924.5,1928.15,1903.97,1904.48,6671054336.0,6501291,0
20110909,1911.05,1930.49,1896.71,1903.19,5854846464.0,5895616,0
20110913,1879.87,1894.48,1868.97,1889.0,5493271040.0,5966071,0
20110914,1897.05,1906.79,1867.34,1906.79,6272308736.0,6602015,0
20110915,1908.32,1921.55,1903.84,1905.98,6441966080.0,7196175,0
20110916,1915.68,1923.17,1905.18,1907.31,5523192320.0,5852645,0
20110919,1897.5,1897.5,1869.28,1869.97,6071071232.0,6553752,0
20110920,1865.64,1886.03,1860.7,1877.42,5302971904.0,5539922,0
20110921,1878.05,1943.47,1868.93,1940.52,12192889856.0,12280715,0
20110922,1921.3,1928.11,1884.32,1884.77,10293581824.0,10584079,0
20110923,1858.48,1889.92,1852.73,1887.82,9486606336.0,9704255,0
20110926,1874.86,1895.89,1856.79,1863.05,8017479680.0,8194537,0
20110927,1878.75,1893.54,1869.3,1886.6,9340046336.0,8723402,0
20110928,1897.76,1901.07,1861.87,1867.01,8546585088.0,8386902,0
20110929,1857.02,1870.97,1846.61,1853.93,8829898752.0,8966571,0
20110930,1856.73,1864.62,1841.25,1848.71,8148306944.0,7901242,0
20111010,1855.63,1860.53,1836.01,1838.44,7328980992.0,6779840,0
20111011,1879.07,1886.85,1789.29,1809.36,13630675968.0,11151858,0
20111012,1798.71,1864.33,1781.59,1864.09,12881479680.0,12984495,0
20111013,1860.47,1881.81,1854.26,1877.55,12673671168.0,14094913,0
20111014,1876.02,1884.0,1856.31,1871.31,8923172864.0,8676219,0
20111017,1876.66,1888.42,1864.84,1873.75,8324983296.0,8192106,0
20111018,1860.92,1861.21,1819.77,1821.43,8160023552.0,8296174,0
20111019,1829.03,1839.32,1817.13,1819.31,6740809728.0,6887319,0
20111020,1809.88,1813.45,1762.77,1774.9,9385612288.0,9584851,0
20111021,1775.43,1782.48,1758.03,1760.56,5795759616.0,6308852,0
20111024,1765.64,1808.54,1751.56,1808.54,8883323904.0,9773401,0
20111025,1807.12,1852.61,1801.19,1846.89,13180478464.0,13923203,0
20111026,1835.85,1881.48,1832.98,1862.25,15871995904.0,16855192,0
20111027,1866.71,1887.09,1861.7,1868.06,12273136640.0,15381534,0
20111028,1891.29,1912.24,1890.25,1911.2,19557703680.0,20311794,0
20111031,1906.43,1914.26,1893.87,1910.62,13398494208.0,15200240,0
20111101,1892.73,1929.38,1888.95,1907.75,15185891328.0,17187141,0
20111102,1879.24,1938.51,1874.8,1937.77,17513162752.0,18593916,0
20111103,1941.78,1955.05,1933.59,1934.16,21346648064.0,22278399,0
20111104,1947.92,1956.33,1933.36,1945.12,15238871040.0,16289741,0
20111107,1938.03,1960.73,1931.82,1940.4,11381613568.0,11140221,0
20111108,1946.72,1962.66,1941.88,1946.48,13312811008.0,13732352,0
20111109,1955.4,1966.62,1930.66,1959.55,13878525952.0,15018950,0
20111110,1937.21,1946.84,1925.76,1925.78,13705848832.0,14513347,0
20111111,1932.0,1942.82,1920.99,1928.01,10691336192.0,10960482,0
20111114,1946.97,1974.81,1946.45,1974.73,14715067392.0,13977017,0
20111115,1973.45,1986.31,1970.57,1984.4,11942974464.0,12053606,0
20111116,1986.19,1986.19,1916.04,1924.97,13798925312.0,13761055,0
20111117,1926.42,1945.27,1922.83,1923.3,10239947776.0,10915680,0
20111118,1909.41,1910.23,1870.77,1874.5,10210708480.0,10667239,0
20111121,1877.26,1881.94,1856.68,1875.52,7822940672.0,8085181,0
20111122,1861.81,1877.35,1849.39,1871.92,7699511808.0,8965233,0
20111123,1875.52,1878.98,1853.15,1854.96,7267780608.0,8088914,0
20111124,1841.54,1865.69,1831.51,1851.95,7351483392.0,8073573,0
20111125,1849.48,1863.12,1835.84,1841.51,5931463680.0,6791934,0
20111128,1846.25,1854.87,1834.3,1843.6,6367432192.0,7091450,0
20111129,1859.32,1872.81,1848.85,1872.81,7835439104.0,7937916,0
20111130,1868.82,1870.82,1795.07,1808.68,9894831104.0,10740783,0
20111201,1856.52,1871.54,1836.75,1838.16,13427603456.0,14468607,0
20111202,1829.61,1830.69,1797.2,1805.0,7237493248.0,8698869,0
20111205,1805.85,1806.31,1768.28,1771.08,6739888128.0,7942252,0
20111206,1767.09,1777.24,1756.49,1771.34,5222755840.0,6240613,0
20111207,1771.38,1782.19,1765.25,1776.21,4208104704.0,5158744,0
20111208,1775.11,1792.49,1752.8,1776.38,5929674752.0,6510045,0
20111209,1764.74,1780.07,1763.81,1771.57,4549864960.0,5076035,0
20111212,1769.16,1773.21,1753.21,1753.84,4341746688.0,5284244,0
20111213,1747.4,1749.09,1715.62,1717.01,6973168640.0,8529767,0
20111214,1714.23,1730.27,1696.14,1698.81,5359508992.0,6898529,0
20111215,1686.52,1689.02,1652.46,1652.92,7400129536.0,9683742,0
20111216,1652.14,1687.38,1644.94,1686.88,6334004736.0,7901576,0
20111219,1674.2,1687.72,1639.17,1684.89,6939893760.0,9291693,0
20111220,1679.22,1702.29,1676.81,1682.27,5767882752.0,7590933,0
20111221,1697.64,1703.54,1658.49,1659.47,5348149760.0,6842673,0
20111222,1647.47,1674.73,1622.94,1660.89,6802895360.0,9092003,0
20111223,1655.51,1693.0,1652.96,1679.11,6986703872.0,9697736,0
20111226,1670.57,1690.91,1664.54,1669.03,4982628864.0,7108629,0
20111227,1667.92,1675.17,1643.75,1645.48,5046105600.0,6654748,0
20111228,1637.48,1648.25,1619.88,1647.5,5413110272.0,6833268,0
20111229,1640.25,1657.88,1637.95,1652.12,5096906752.0,6585504,0
20111230,1656.31,1677.02,1656.31,1673.24,5956816896.0,7665077,0
20120104,1685.43,1691.06,1641.97,1642.4,6555984896.0,8203408,0
20120105,1634.63,1650.37,1618.68,1620.25,6471344640.0,8540601,0
20120106,1619.08,1634.76,1607.23,1634.54,6218609664.0,8032369,0
20120109,1634.47,1704.99,1623.15,1704.52,11646208000.0,13100135,0
20120110,1706.05,1765.27,1702.81,1762.04,17733758976.0,19989483,0
20120111,1760.79,1768.88,1742.74,1752.26,14092178432.0,14660714,0
20120112,1743.63,1764.21,1736.05,1742.34,9867175936.0,11167395,0
20120113,1743.38,1749.31,1699.19,1711.91,10649921536.0,11705727,0
20120116,1699.49,1720.08,1682.87,1683.08,8182644224.0,8328482,0
20120117,1683.96,1771.88,1677.45,1771.84,14419580928.0,15764667,0
20120118,1773.56,1779.97,1733.98,1740.42,13033484288.0,14749958,0
20120119,1742.26,1771.01,1734.57,1758.21,10853436416.0,12609168,0
20120120,1761.74,1771.02,1750.1,1765.56,8661133312.0,9953329,0
20120130,1769.55,1769.61,1735.19,1736.11,7634774528.0,9377270,0
20120131,1736.53,1744.12,1724.2,1743.95,6501296640.0,7439863,0
20120201,1738.23,1755.58,1718.89,1723.2,6849711104.0,8166636,0
20120202,1726.9,1754.39,1722.97,1754.39,9011772416.0,9933091,0
20120203,1748.64,1766.58,1739.26,1763.81,9530521600.0,11430197,0
20120206,1768.17,1778.31,1753.73,1763.82,9882005504.0,10941347,0
20120207,1753.66,1753.66,1721.63,1732.63,8074027008.0,9588905,0
20120208,1732.7,1784.09,1727.58,1779.63,12631163904.0,13079138,0
20120209,1777.63,1791.4,1770.07,1779.04,12853770240.0,13647486,0
20120210,1775.52,1791.35,1769.78,1779.56,10208481280.0,12076235,0
20120213,1765.73,1794.26,1760.76,1782.87,10191388672.0,11522568,0
20120214,1782.51,1785.5,1767.75,1778.58,9268145152.0,10322110,0
20120215,1775.26,1808.57,1768.16,1800.17,13368378368.0,15771677,0
20120216,1797.32,1806.34,1780.02,1794.29,12880712704.0,15839009,0
20120217,1801.95,1806.77,1779.86,1788.83,8372837888.0,9844028,0
20120220,1810.14,1811.5,1790.1,1791.25,10607431680.0,11664974,0
20120221,1793.83,1803.89,1775.15,1803.71,10498301952.0,11431935,0
20120222,1803.15,1823.0,1795.94,1823.0,15113659392.0,16749314,0
20120223,1820.6,1833.34,1815.89,1830.92,15744306176.0,17282815,0
20120224,1832.37,1863.04,1830.9,1861.92,21592510464.0,22806864,0
20120227,1870.41,1895.06,1866.69,1870.25,22415357952.0,26589558,0
20120228,1864.72,1873.01,1851.13,1867.74,14596283392.0,16885456,0
20120229,1864.29,1871.44,1845.31,1845.66,11305566208.0,13675453,0
20120301,1838.82,1857.98,1838.82,1847.15,10591267840.0,11176058,0
20120302,1853.22,1875.91,1853.22,1875.86,13623321600.0,14658372,0
20120305,1879.42,1882.92,1859.39,1861.13,15943256064.0,18066601,0
20120306,1856.94,1857.42,1825.71,1828.41,14327408640.0,16265037,0
20120307,1811.9,1833.7,1811.12,1814.58,11618037760.0,12561818,0
20120308,1820.91,1841.19,1820.91,1835.47,11249732608.0,12767115,0
20120309,1840.98,1864.56,1838.48,1864.52,14415992832.0,14160724,0
20120312,1864.21,1865.39,1845.6,1855.82,12449933312.0,13367416,0
20120313,1855.06,1873.66,1847.34,1873.42,13686985728.0,14338279,0
20120314,1881.6,1883.44,1801.68,1809.15,22008897536.0,24367763,0
20120315,1808.04,1819.66,1783.54,1792.68,13984702464.0,16043819,0
20120316,1795.23,1816.92,1785.52,1816.2,11661558784.0,12852091,0
20120319,1810.85,1826.65,1799.78,1826.17,12021863424.0,13098289,0
20120320,1826.68,1835.57,1801.69,1802.19,13699084288.0,14643897,0
20120321,1809.76,1824.49,1796.54,1813.7,13661810688.0,13360873,0
20120322,1813.12,1815.54,1800.17,1805.5,10258053120.0,10728205,0
20120323,1800.94,1800.94,1773.66,1780.01,10108284928.0,10425021,0
20120326,1778.57,1784.67,1767.56,1776.43,6815075328.0,7243042,0
20120327,1784.25,1787.01,1771.39,1773.06,6749702656.0,7280819,0
20120328,1766.89,1767.59,1712.84,1714.98,10295848960.0,12103733,0
20120329,1709.72,1714.17,1681.12,1692.66,8108620800.0,9865868,0
20120330,1695.07,1703.79,1686.21,1697.97,7019097088.0,8645971,0
20120405,1694.93,1733.08,1691.61,1731.05,8918348800.0,10520001,0
20120406,1729.9,1738.53,1722.21,1732.97,8241360896.0,9124965,0
20120409,1728.21,1730.33,1712.55,1712.99,7813641216.0,8670448,0
20120410,1708.35,1730.54,1691.64,1730.54,7834377216.0,8894470,0
20120411,1715.11,1735.49,1710.79,1728.68,6821562368.0,8131166,0
20120412,1731.17,1761.69,1731.17,1761.69,10717360128.0,11282389,0
20120413,1764.65,1779.2,1760.32,1771.77,11332538368.0,12348337,0
20120416,1761.4,1777.79,1758.78,1771.45,8517719040.0,10105051,0
20120417,1772.72,1778.73,1753.85,1754.47,7576048640.0,9568770,0
20120418,1760.58,1791.02,1757.72,1789.78,11057937408.0,12736829,0
20120419,1789.65,1794.02,1781.2,1786.47,9214055424.0,9741985,0
20120420,1784.34,1801.93,1780.31,1800.43,11163511808.0,13441090,0
20120423,1798.08,1806.25,1784.9,1788.66,11614732288.0,13700283,0
20120424,1780.2,1806.89,1753.38,1784.8,12495288320.0,14906978,0
20120425,1779.87,1805.44,1775.88,1801.28,12811003904.0,14956840,0
20120426,1805.11,1812.17,1796.54,1801.34,11907160064.0,13397884,0
20120427,1800.46,1804.56,1794.92,1796.21,9581033472.0,11510915,0
20120502,1817.62,1852.11,1808.42,1844.88,18785472512.0,19206685,0
20120503,1838.26,1850.81,1837.55,1847.89,14031037440.0,14447597,0
20120504,1846.22,1860.95,1835.75,1858.3,14513461248.0,14245504,0
20120507,1849.15,1862.04,1844.31,1862.04,16656325632.0,16623713,0
20120508,1860.91,1862.1,1844.36,1856.43,13948817408.0,15261252,0
20120509,1842.29,1842.29,1820.68,1823.29,12822074368.0,13691119,0
20120510,1824.36,1833.34,1820.64,1826.41,8735247360.0,9417446,0
20120511,1824.82,1838.03,1815.42,1815.83,9769522176.0,9035476,0
20120514,1828.14,1828.5,1799.49,1800.57,10927971328.0,11347816,0
20120515,1787.58,1793.58,1775.79,1792.8,9355976704.0,9728120,0
20120516,1787.09,1789.67,1771.44,1771.44,7735363072.0,8931798,0
20120517,1771.86,1801.78,1769.04,1798.92,8482237952.0,10904489,0
20120518,1788.5,1798.61,1775.14,1781.23,9628678144.0,13277278,0
20120521,1779.74,1799.66,1769.44,1788.88,9586554880.0,11415231,0
20120522,1796.51,1807.58,1794.07,1807.3,9392934912.0,9845591,0
20120523,1802.77,1808.14,1784.36,1797.37,8590835712.0,9553901,0
20120524,1793.57,1805.01,1784.81,1788.49,7810709504.0,8750461,0
20120525,1788.17,1792.33,1771.5,1775.62,7051463680.0,8937513,0
20120528,1767.43,1796.62,1753.44,1796.62,10319151104.0,11649565,0
20120529,1794.75,1820.8,1793.17,1817.99,12476646400.0,13351843,0
20120530,1816.22,1819.25,1804.78,1808.59,10606619648.0,11576601,0
20120531,1798.71,1811.17,1790.55,1801.26,9024502784.0,9652398,0
20120601,1801.79,1811.66,1789.77,1796.46,8149591552.0,9283140,0
20120604,1771.48,1771.48,1736.69,1736.8,11652865024.0,13021252,0
20120605,1740.49,1753.86,1733.09,1745.37,8003453952.0,10105839,0
20120606,1747.3,1751.38,1724.85,1731.91,8101578240.0,9334279,0
20120607,1748.13,1750.61,1718.63,1722.32,7343021568.0,8649081,0
20120608,1734.9,1737.61,1716.25,1719.64,7671865344.0,9348795,0
20120611,1724.28,1748.63,1720.11,1746.24,7355621888.0,9185942,0
20120612,1735.7,1735.99,1717.79,1722.11,6274600448.0,7403814,0
20120613,1725.84,1746.08,1718.46,1745.83,9868038144.0,13466593,0
20120614,1739.22,1747.92,1728.36,1729.49,9872279552.0,13062439,0
20120615,1735.65,1745.06,1716.23,1737.59,8720244736.0,10830966,0
20120618,1743.54,1755.85,1742.13,1745.35,7803226112.0,9692129,0
20120619,1743.67,1743.67,1730.28,1732.55,6703924736.0,8665915,0
20120620,1736.57,1740.8,1729.8,1731.92,6153137664.0,7868414,0
20120621,1726.35,1726.35,1696.37,1701.74,8235032064.0,9604376,0
20120625,1696.36,1696.36,1665.72,1666.3,8594704384.0,10199396,0
20120626,1659.51,1670.38,1650.45,1666.82,6495412224.0,8237167,0
20120627,1665.91,1679.51,1661.51,1662.48,7220037632.0,9022373,0
20120628,1666.66,1668.82,1644.42,1644.66,6735510528.0,8672667,0
20120629,1638.46,1661.08,1631.95,1659.77,7308077056.0,9679760,0
20120702,1672.92,1673.29,1655.85,1664.72,8281288704.0,9455079,0
20120703,1664.52,1679.84,1657.73,1665.96,7439769600.0,8757874,0
20120704,1671.36,1678.23,1664.24,1671.06,7046098944.0,8030592,0
20120705,1663.57,1663.57,1640.52,1645.75,6158522368.0,7399503,0
20120706,1653.91,1671.38,1636.98,1668.64,8008239104.0,9641841,0
20120709,1658.18,1660.46,1630.51,1631.41,9323008000.0,11887423,0
20120710,1629.23,1635.53,1617.24,1630.09,7698777088.0,10235691,0
20120711,1627.19,1643.92,1627.04,1638.84,7118532608.0,9691107,0
20120712,1635.76,1674.71,1626.26,1667.68,12519123968.0,13718916,0
20120713,1663.08,1674.19,1653.1,1659.43,7435018240.0,8300578,0
20120716,1661.89,1661.95,1627.83,1628.26,7553244160.0,9446773,0
20120717,1625.78,1643.38,1625.76,1639.19,5914867200.0,6823143,0
20120718,1637.92,1653.61,1628.79,1653.28,7332680192.0,9134932,0
20120719,1651.81,1672.16,1647.11,1660.79,8590792704.0,10664104,0
20120720,1658.03,1661.35,1639.48,1643.45,7132185600.0,9819404,0
20120723,1631.05,1633.78,1617.31,1626.59,5505247744.0,7027583,0
20120724,1616.66,1638.64,1615.91,1629.62,5174087680.0,6553970,0
20120725,1623.76,1631.76,1613.68,1615.38,4475967488.0,5772837,0
20120726,1615.76,1626.45,1606.18,1607.59,4711852032.0,6343638,0
20120727,1614.06,1621.25,1607.3,1611.51,5164984320.0,6351465,0
20120730,1612.51,1620.84,1599.89,1601.72,4940687872.0,6113150,0
20120731,1601.08,1605.49,1583.36,1583.86,4694529024.0,5885181,0
20120801,1585.74,1614.71,1585.74,1606.72,5244281344.0,6218218,0
20120802,1604.32,1608.59,1589.62,1594.39,4630836736.0,5512260,0
20120803,1597.28,1615.48,1594.1,1615.48,5216243200.0,6211217,0
20120806,1613.56,1636.0,1612.13,1636.0,7582551040.0,9171637,0
20120807,1634.61,1636.47,1628.58,1636.12,7049974784.0,8822754,0
20120808,1636.96,1645.3,1632.16,1635.01,7094959104.0,7735135,0
20120809,1633.43,1642.8,1623.34,1641.89,5779487744.0,6947705,0
20120810,1641.63,1643.61,1633.56,1638.06,5702297600.0,7150467,0
20120813,1635.03,1635.03,1612.04,1612.38,6136201216.0,7541679,0
20120814,1612.64,1621.79,1601.9,1621.76,5985267200.0,7526249,0
20120815,1618.42,1618.42,1599.79,1600.78,4326216704.0,5577552,0
20120816,1599.49,1602.09,1591.53,1592.83,3767492864.0,4925283,0
20120817,1592.99,1599.85,1583.2,1594.36,3754515712.0,5055123,0
20120820,1584.26,1593.11,1577.12,1589.73,4023635200.0,5682432,0
20120821,1590.54,1606.78,1588.19,1601.3,4873847808.0,6647085,0
20120822,1601.84,1603.29,1587.01,1592.4,4835783680.0,6025149,0
20120823,1592.39,1603.4,1588.72,1599.76,4646873088.0,6031611,0
20120824,1595.23,1595.23,1572.06,1573.59,5356243456.0,6666257,0
20120827,1570.16,1570.16,1538.87,1539.19,5251026944.0,7135719,0
20120828,1536.55,1559.63,1535.38,1549.25,4385100800.0,6376152,0
20120829,1544.87,1550.3,1526.36,1526.7,4565294080.0,6124903,0
20120830,1522.25,1531.41,1508.72,1523.11,4679186944.0,6351126,0
20120831,1518.92,1529.46,1516.53,1521.4,3547417856.0,4952915,0
20120903,1518.38,1534.38,1515.2,1529.83,4778447360.0,6378828,0
20120904,1529.18,1532.69,1513.36,1515.34,4551559680.0,6218727,0
20120905,1511.96,1521.77,1503.54,1513.03,4737340416.0,6409551,0
20120906,1516.16,1526.03,1515.11,1525.22,4389941760.0,5923364,0
20120907,1535.31,1603.43,1535.31,1588.71,15014358016.0,19029789,0
20120910,1587.83,1598.54,1579.13,1595.96,10858281984.0,12653387,0
20120911,1588.46,1588.51,1570.95,1580.82,6802428416.0,8564523,0
20120912,1589.02,1595.94,1572.49,1587.78,8051986944.0,9951507,0
20120913,1587.41,1590.53,1572.11,1572.61,6195182592.0,8119274,0
20120914,1589.35,1595.01,1571.02,1581.87,8653527040.0,10003382,0
20120917,1580.79,1580.79,1544.59,1545.07,5935456768.0,7664723,0
20120918,1541.87,1541.87,1523.45,1527.03,4767286272.0,6026832,0
20120919,1527.61,1535.1,1524.09,1533.96,3857317120.0,5127062,0
20120920,1528.67,1528.67,1495.12,1495.42,5192932352.0,7372768,0
20120921,1492.82,1519.16,1492.8,1507.56,5641056256.0,8208899,0
20120924,1499.02,1525.51,1489.09,1519.45,5284744704.0,6767748,0
20120925,1515.37,1520.35,1505.36,1513.16,4076091392.0,5063964,0
20120926,1512.31,1515.93,1495.19,1497.81,4335550976.0,5645045,0
20120927,1498.16,1548.6,1497.96,1540.41,8495207424.0,10837361,0
20120928,1528.46,1564.13,1527.22,1562.86,8992791552.0,11337868,0
20121008,1561.94,1571.27,1541.93,1548.82,6012221440.0,7381317,0
20121009,1554.82,1584.23,1554.82,1577.95,8841797632.0,10731858,0
20121010,1575.25,1584.0,1571.54,1583.61,7062226432.0,8487545,0
20121011,1580.4,1580.89,1568.96,1569.79,6283428864.0,7566023,0
20121012,1577.77,1590.3,1563.19,1576.61,7186182144.0,8598956,0
20121015,1576.39,1576.64,1554.57,1565.7,5318339584.0,6318140,0
20121016,1565.35,1574.44,1559.63,1564.32,5404957184.0,6378137,0
20121017,1569.79,1575.24,1554.28,1568.83,5358290944.0,6871854,0
20121018,1571.73,1594.5,1571.73,1591.78,8495886336.0,10809731,0
20121019,1591.57,1594.5,1581.37,1583.66,6196273664.0,8076803,0
20121022,1576.48,1591.73,1572.63,1589.49,5460783616.0,6890490,0
20121023,1588.25,1589.42,1570.68,1572.94,5227809280.0,6835993,0
20121024,1566.8,1580.52,1565.88,1575.27,5267055616.0,7590994,0
20121025,1574.83,1595.58,1569.12,1569.33,7823816704.0,12062329,0
20121026,1568.22,1569.65,1537.46,1545.15,7456168960.0,10722206,0
20121029,1542.36,1547.62,1532.91,1539.3,4560197120.0,6483859,0
20121030,1541.11,1553.43,1536.22,1539.61,5019520512.0,7209539,0
20121031,1539.17,1549.2,1532.5,1548.57,5392168960.0,7647867,0
20121101,1548.69,1575.05,1548.31,1571.43,6881530880.0,9690746,0
20121102,1572.49,1578.64,1564.0,1577.61,5625370624.0,7748322,0
20121105,1576.36,1588.53,1575.52,1582.12,7313592832.0,9334531,0
20121106,1581.64,1583.41,1554.85,1572.13,6088084480.0,7940557,0
20121107,1571.45,1575.33,1560.14,1567.94,4921155072.0,6505866,0
20121108,1556.47,1556.47,1532.45,1533.21,5430870016.0,7303467,0
20121109,1530.29,1536.94,1527.29,1532.89,4563461632.0,6331093,0
20121112,1534.41,1543.93,1532.42,1543.93,4797761536.0,7019483,0
20121113,1543.37,1543.37,1518.41,1520.12,4674930176.0,6605893,0
20121114,1520.78,1527.94,1515.88,1526.26,4332535296.0,5946892,0
20121115,1518.94,1522.89,1499.65,1500.74,4262032896.0,5931261,0
20121116,1498.82,1500.85,1475.29,1484.44,4882877440.0,6851762,0
20121119,1484.26,1490.61,1474.75,1490.61,3868192256.0,5841593,0
20121120,1494.26,1497.11,1482.95,1483.9,3616310528.0,5123351,0
20121121,1484.96,1505.9,1477.21,1505.57,4776048128.0,6665852,0
20121122,1499.43,1499.8,1489.22,1492.47,3578156032.0,5059098,0
20121123,1498.43,1507.73,1493.52,1501.73,4545431552.0,6378011,0
20121126,1498.25,1500.96,1490.11,1492.09,3830632448.0,5159399,0
20121127,1487.6,1488.25,1467.62,1468.41,4716817408.0,6914739,0
20121128,1463.28,1464.35,1449.75,1453.98,3802967808.0,5651504,0
20121129,1453.97,1458.9,1446.52,1446.69,3772962048.0,5625876,0
20121130,1445.87,1463.0,1444.03,1461.97,3969807360.0,6128418,0
20121203,1461.68,1468.12,1439.36,1440.24,4678206976.0,7012659,0
20121204,1439.98,1453.5,1430.6,1451.75,4905018880.0,7217930,0
20121205,1451.13,1504.06,1446.59,1494.08,10170706944.0,15595911,0
20121206,1491.84,1496.99,1483.34,1491.2,6288264192.0,9348289,0
20121207,1490.65,1521.99,1487.19,1518.32,10459420672.0,14511205,0
20121210,1522.5,1530.49,1518.73,1528.29,9762201600.0,14022029,0
20121211,1522.32,1533.16,1513.78,1522.3,7664290816.0,10380056,0
20121212,1519.16,1525.59,1511.22,1522.43,5838627328.0,8023394,0
20121213,1519.15,1522.61,1504.51,1505.28,5421174272.0,7804210,0
20121214,1508.19,1565.15,1508.19,1563.59,14177483776.0,20236492,0
20121217,1565.46,1597.79,1565.46,1577.31,15327186944.0,20183604,0
20121218,1575.21,1589.51,1564.29,1571.43,11948800000.0,15541213,0
20121219,1570.24,1582.89,1568.59,1575.51,9396061184.0,11500806,0
20121220,1571.37,1588.34,1566.13,1584.98,9410278400.0,12103179,0
20121221,1589.39,1611.47,1575.39,1579.08,13182097408.0,15801603,0
20121224,1579.55,1590.45,1578.38,1584.41,8310527488.0,10419059,0
20121225,1582.19,1624.92,1574.0,1620.83,14851319808.0,19260863,0
20121226,1620.32,1628.24,1617.4,1628.18,11153609728.0,14575329,0
20121227,1633.49,1645.43,1622.21,1623.37,12162805760.0,15331963,0
20121228,1624.03,1633.48,1615.41,1633.48,10009356288.0,12741896,0
20121231,1636.17,1652.43,1633.16,1651.99,11996061696.0,15967896,0
20130104,1663.64,1667.57,1634.34,1644.36,12538170368.0,16820706,0
20130107,1642.34,1654.91,1640.06,1648.48,10121694208.0,12650460,0
20130108,1646.91,1649.42,1633.15,1645.62,10510177280.0,13268471,0
20130109,1643.68,1658.81,1635.09,1658.81,13725338624.0,16155033,0
20130110,1657.31,1671.26,1647.92,1659.91,14438539264.0,17844339,0
20130111,1659.85,1663.8,1620.27,1624.57,12061619200.0,15492573,0
20130114,1617.85,1668.65,1617.85,1666.56,14704378880.0,18424749,0
20130115,1667.61,1687.91,1665.51,1683.62,17478395904.0,21844628,0
20130116,1685.22,1695.38,1660.18,1677.58,16431343616.0,19907487,0
20130117,1676.29,1684.81,1661.64,1668.27,11857821696.0,15541275,0
20130118,1680.68,1701.23,1675.88,1698.1,14387061760.0,19275672,0
20130121,1703.5,1720.61,1692.59,1714.49,18518636544.0,22987477,0
20130122,1714.67,1714.67,1680.58,1690.36,15405471744.0,20741403,0
20130123,1687.24,1694.02,1668.99,1686.2,12128766976.0,14500854,0
20130124,1687.37,1702.29,1651.33,1659.88,15023799296.0,18736314,0
20130125,1660.38,1668.31,1657.58,1658.1,8154701824.0,10749337,0
20130128,1661.56,1692.57,1661.56,1692.56,11310967808.0,14541727,0
20130129,1694.26,1702.72,1690.74,1698.52,13869096960.0,17088404,0
20130130,1701.5,1705.21,1689.83,1704.65,13257452544.0,17679963,0
20130131,1706.19,1721.04,1700.96,1720.25,15432734720.0,20526907,0
20130201,1715.46,1730.37,1710.47,1729.42,12703983616.0,16695275,0
20130204,1733.81,1751.36,1727.79,1745.77,21365098496.0,24415308,0
20130205,1738.83,1760.34,1736.58,1759.52,19534522368.0,21797299,0
20130206,1758.33,1758.57,1742.48,1745.44,11634979840.0,14257192,0
20130207,1744.41,1749.58,1733.3,1742.76,11491362816.0,13622052,0
20130208,1743.23,1760.88,1743.23,1754.38,9920605184.0,12066711,0
20130218,1760.05,1762.23,1741.7,1756.12,12808459264.0,16183230,0
20130219,1756.6,1759.86,1719.24,1723.67,12515381248.0,15693044,0
20130220,1724.1,1744.13,1724.1,1744.13,11782769664.0,14733573,0
20130221,1731.52,1731.52,1680.66,1689.44,17533317120.0,21594109,0
20130222,1688.13,1695.83,1684.53,1687.55,10330463232.0,12448893,0
20130225,1692.88,1706.46,1692.88,1701.19,9670306816.0,12284325,0
20130226,1693.29,1699.64,1667.82,1670.29,12697234432.0,15868683,0
20130227,1673.17,1688.64,1667.34,1678.59,8792143872.0,10873175,0
20130228,1684.42,1717.86,1682.23,1717.52,12348562432.0,14493738,0
20130301,1718.89,1723.63,1697.68,1722.03,13757117440.0,16090470,0
20130304,1709.22,1713.34,1670.29,1678.89,20334487552.0,24728621,0
20130305,1680.88,1699.53,1673.69,1698.6,15543072768.0,18904710,0
20130306,1704.75,1720.6,1701.37,1720.57,16364296192.0,21129647,0
20130307,1713.79,1735.1,1702.13,1715.45,17840619520.0,22013967,0
20130308,1714.41,1718.29,1705.66,1707.92,11352465408.0,13430333,0
20130311,1708.47,1709.05,1696.52,1700.92,10420345856.0,12959186,0
20130312,1700.94,1718.05,1662.89,1679.15,13549843456.0,17937296,0
20130313,1676.04,1679.24,1656.57,1665.22,9392954368.0,12144464,0
20130314,1657.42,1674.76,1656.88,1673.31,9640267776.0,11305262,0
20130315,1675.52,1702.88,1665.04,1682.64,14049169408.0,17662368,0
20130318,1676.87,1681.99,1663.11,1663.73,12806672384.0,15467521,0
20130319,1668.42,1683.3,1663.77,1678.27,10709681152.0,13589666,0
20130320,1678.25,1705.53,1675.03,1705.53,13563945984.0,16671021,0
20130321,1707.82,1720.15,1703.77,1714.99,15107859456.0,17250663,0
20130322,1715.36,1727.16,1714.19,1723.99,13575723008.0,17072155,0
20130325,1728.76,1735.98,1715.96,1720.38,13032837120.0,15169506,0
20130326,1713.81,1713.81,1685.42,1696.29,11908227072.0,14806228,0
20130327,1696.89,1713.97,1692.56,1699.2,9308516352.0,11419199,0
20130328,1687.88,1687.88,1665.82,1668.17,10899375104.0,13834716,0
20130329,1673.43,1682.0,1667.05,1670.57,7241203200.0,8978520,0
20130401,1662.99,1678.76,1662.99,1673.64,7800914432.0,9445715,0
20130402,1671.27,1685.29,1658.79,1663.5,9224095744.0,11120309,0
20130403,1668.29,1672.81,1650.79,1656.15,7647840768.0,10396693,0
20130408,1633.55,1642.73,1623.65,1640.95,8796197888.0,11910231,0
20130409,1637.38,1651.65,1637.02,1646.79,9192143872.0,11409092,0
20130410,1644.42,1648.61,1634.09,1647.01,8411236352.0,10338453,0
20130411,1653.68,1657.63,1638.4,1639.29,7517214720.0,9824488,0
20130412,1639.2,1641.65,1621.66,1623.85,6602027008.0,9181874,0
20130415,1618.56,1622.95,1593.29,1596.54,7116241408.0,9942962,0
20130416,1589.3,1602.13,1580.57,1600.61,7932715008.0,10922950,0
20130417,1601.35,1601.78,1585.61,1597.62,6375330816.0,9000774,0
20130418,1590.82,1613.24,1587.75,1605.36,8604915712.0,10701497,0
20130419,1607.32,1643.46,1607.13,1641.06,11751393280.0,14832345,0
20130422,1634.81,1642.44,1632.34,1642.31,12302407680.0,16996106,0
20130423,1641.09,1641.1,1599.34,1600.78,10709056512.0,15001393,0
20130424,1604.81,1635.6,1604.39,1631.25,12379090944.0,16922904,0
20130425,1626.59,1634.36,1610.21,1615.65,13339709440.0,17859097,0
20130426,1619.64,1624.57,1591.56,1595.38,9495391232.0,13546150,0
20130502,1588.19,1593.31,1579.16,1587.32,8304237568.0,10890831,0
20130503,1590.49,1620.45,1590.49,1608.0,10080190464.0,13839920,0
20130506,1613.99,1632.69,1613.99,1628.5,11776791552.0,15952874,0
20130507,1626.28,1643.61,1623.76,1640.99,11657655296.0,15167013,0
20130508,1647.63,1656.57,1644.41,1650.25,11900728320.0,14953554,0
20130509,1650.55,1650.6,1628.96,1638.59,14927080448.0,18046474,0
20130510,1634.86,1647.33,1631.1,1647.33,10874012672.0,13686830,0
20130513,1648.66,1651.21,1634.52,1643.69,9929224192.0,12911617,0
20130514,1640.68,1640.89,1615.49,1624.52,9059394560.0,11820757,0
20130515,1625.34,1631.07,1622.86,1630.44,8688646144.0,10324761,0
20130516,1628.33,1650.65,1619.53,1650.35,12507509760.0,15403240,0
20130517,1650.07,1693.16,1649.36,1689.7,16698529792.0,20648488,0
20130520,1691.82,1707.39,1690.23,1701.16,17050719232.0,20857097,0
20130521,1698.19,1710.27,1694.79,1710.13,17048987648.0,21320062,0
20130522,1708.78,1708.78,1687.78,1693.95,16669933568.0,22581656,0
20130523,1687.96,1695.19,1673.41,1675.37,16038073344.0,20133215,0
20130524,1680.35,1689.46,1673.09,1686.6,13641962496.0,16336390,0
20130527,1686.27,1697.74,1684.68,1693.88,15766000640.0,18536883,0
20130528,1692.57,1708.63,1676.76,1708.63,16002792448.0,19768124,0
20130529,1709.05,1718.65,1708.64,1711.23,13500151808.0,17213012,0
20130530,1707.46,1714.93,1701.9,1706.78,13815320576.0,16440377,0
20130531,1708.94,1712.91,1695.54,1696.42,14799670272.0,17457889,0
20130603,1697.75,1713.52,1696.03,1698.21,13579149312.0,16253986,0
20130604,1696.47,1696.51,1664.9,1671.29,13121184768.0,16283342,0
20130605,1670.52,1678.2,1666.33,1672.83,8754701312.0,10733841,0
20130606,1669.36,1673.04,1656.05,1657.48,11100176384.0,13118646,0
20130607,1657.99,1662.49,1625.71,1630.15,11206288384.0,14203717,0
20130613,1616.22,1616.22,1564.53,1578.79,12191788032.0,17003252,0
20130614,1580.97,1591.62,1577.37,1590.54,12146619392.0,15306576,0
20130617,1593.38,1595.6,1579.84,1584.01,12098159616.0,14643344,0
20130618,1586.17,1591.3,1571.71,1591.11,9543619584.0,12013553,0
20130619,1587.58,1587.58,1561.11,1582.97,10403565568.0,13613086,0
20130620,1572.51,1572.51,1534.41,1535.2,10357981184.0,13962120,0
20130621,1515.41,1536.84,1504.8,1527.79,10112894976.0,13982098,0
20130624,1524.63,1524.63,1440.46,1443.52,12378196992.0,18142752,0
20130625,1433.01,1442.33,1347.03,1432.96,15539471360.0,24527318,0
20130626,1432.07,1443.49,1414.44,1437.2,13271690240.0,18805279,0
20130627,1440.67,1461.72,1427.87,1430.59,13842086912.0,19798725,0
20130628,1423.48,1464.33,1415.99,1443.83,12683044864.0,17983317,0
20130701,1441.91,1464.63,1436.84,1464.29,11725877248.0,15700373,0
20130702,1464.79,1469.03,1452.91,1468.66,12614953984.0,16046047,0
20130703,1463.29,1465.99,1438.15,1463.26,14401755136.0,19513228,0
20130704,1455.06,1487.47,1444.47,1474.22,13754517504.0,19000995,0
20130705,1473.81,1484.0,1465.73,1467.31,12473641984.0,15639154,0
20130708,1450.57,1450.57,1413.56,1413.56,10494159872.0,14694194,0
20130709,1410.84,1428.77,1404.3,1424.92,10081738752.0,13177712,0
20130710,1425.09,1468.5,1424.57,1468.5,13273638912.0,17989272,0
20130711,1474.49,1530.66,1474.34,1517.43,21278328832.0,28574348,0
20130712,1517.65,1522.32,1496.12,1498.12,20446455808.0,24803805,0
20130715,1502.74,1523.34,1496.45,1511.3,16476409856.0,19356272,0
20130716,1508.11,1512.05,1493.48,1511.68,14340084736.0,17430355,0
20130717,1507.96,1523.18,1495.6,1498.12,16332251136.0,19580437,0
20130718,1491.74,1498.37,1479.82,1485.57,13649599488.0,16828035,0
20130719,1487.56,1499.38,1451.82,1451.97,16071233536.0,19722655,0
20130722,1445.71,1473.59,1443.1,1472.93,13444976640.0,15638877,0
20130723,1480.29,1511.75,1478.11,1509.45,17716973568.0,21123394,0
20130724,1504.68,1513.87,1487.31,1509.71,19152674816.0,22019559,0
20130725,1510.8,1517.34,1488.56,1495.83,18162722816.0,20945185,0
20130726,1489.33,1498.36,1478.14,1491.85,13035850752.0,14606438,0
20130729,1482.71,1489.14,1464.2,1465.87,13217974272.0,16397234,0
20130730,1469.69,1481.89,1446.08,1466.58,12730884096.0,15495893,0
20130731,1473.08,1483.39,1466.5,1472.9,9687759872.0,12142912,0
20130801,1481.36,1514.39,1477.07,1513.98,16023555072.0,18834982,0
20130802,1521.29,1529.94,1513.21,1515.7,14132184064.0,16646487,0
20130805,1516.1,1533.37,1511.8,1533.29,12235233280.0,15594891,0
20130806,1528.71,1557.06,1523.44,1553.0,15961298944.0,20979180,0
20130807,1548.77,1555.05,1533.37,1536.15,16938155008.0,20861952,0
20130808,1531.51,1544.42,1526.3,1530.74,11922200576.0,14223064,0
20130809,1535.95,1543.31,1512.51,1532.19,14132391936.0,17350039,0
20130812,1539.96,1578.1,1537.08,1578.1,20612669440.0,26199811,0
20130813,1578.81,1582.27,1573.36,1578.38,17251076096.0,23228593,0
20130814,1578.97,1587.11,1565.97,1572.69,16246817792.0,20500363,0
20130815,1572.74,1585.79,1560.23,1561.38,14503863296.0,18532516,0
20130816,1555.18,1611.58,1540.96,1541.57,18836824064.0,27021528,0
20130819,1533.04,1555.34,1530.7,1551.34,12490450944.0,16318631,0
20130820,1553.87,1566.35,1537.56,1543.24,14318937088.0,18522115,0
20130821,1545.22,1548.15,1532.06,1545.87,11077534720.0,14162438,0
20130822,1542.16,1552.1,1537.87,1540.95,13501771776.0,16335087,0
20130823,1549.56,1555.93,1519.65,1547.08,19099858944.0,22034167,0
20130826,1551.47,1579.57,1546.35,1579.48,18386997248.0,23817856,0
20130827,1577.59,1590.0,1574.99,1589.17,17921400832.0,24535835,0
20130828,1579.92,1617.7,1574.09,1603.65,25665110016.0,34491155,0
20130829,1603.44,1605.98,1584.72,1592.81,20708616192.0,27618554,0
20130830,1593.29,1601.71,1575.66,1581.14,26311751680.0,39517000,0
20130902,1586.33,1593.45,1561.2,1578.16,20591093760.0,32368567,0
20130903,1578.98,1593.3,1573.57,1591.94,16702687232.0,25624642,0
20130904,1590.68,1602.39,1583.64,1598.11,17424494592.0,25437330,0
20130905,1595.05,1607.58,1590.9,1601.77,20731412480.0,26308454,0
20130906,1599.42,1631.77,1599.41,1627.68,22325469184.0,30550325,0
20130909,1634.61,1660.99,1630.82,1654.36,27555180544.0,40070372,0
20130910,1657.02,1700.19,1656.86,1698.64,34017390592.0,52116316,0
20130911,1703.35,1712.25,1685.79,1695.2,32892973056.0,51320496,0
20130912,1693.17,1704.46,1688.8,1697.99,24742391808.0,39140127,0
20130913,1699.33,1703.59,1674.21,1685.16,24147150848.0,37310870,0
20130916,1685.59,1694.95,1677.99,1681.58,22168836096.0,29308814,0
20130917,1681.33,1681.63,1647.15,1648.0,21938931712.0,30150924,0
20130918,1648.42,1666.99,1645.27,1665.2,20172167168.0,26788652,0
20130923,1672.51,1702.61,1672.51,1702.02,23388573696.0,28714790,0
20130924,1702.21,1709.75,1680.55,1701.56,27251580928.0,33983970,0
20130925,1699.38,1712.55,1686.41,1689.65,27445745664.0,33270477,0
20130926,1682.88,1683.0,1636.74,1638.45,21929834496.0,27778002,0
20130927,1632.26,1656.62,1632.26,1649.83,18076160000.0,21720833,0
20130930,1657.47,1681.0,1657.47,1679.92,16468747264.0,16966957,0
20131008,1685.68,1705.62,1678.89,1705.62,24773730304.0,28832260,0
20131009,1701.54,1721.5,1695.56,1721.32,22737090560.0,28634437,0
20131010,1722.72,1722.96,1686.34,1689.94,24654954496.0,29595423,0
20131011,1698.59,1721.24,1698.59,1718.6,23940364288.0,28597754,0
20131014,1725.24,1744.37,1719.98,1742.71,24239409152.0,29026555,0
20131015,1743.29,1746.97,1730.05,1741.43,22068948992.0,28927495,0
20131016,1732.29,1732.29,1686.59,1695.07,22724669440.0,29290523,0
20131017,1702.78,1717.62,1688.77,1690.82,23729283072.0,30390098,0
20131018,1687.13,1699.68,1682.0,1692.17,16887818240.0,22135139,0
20131021,1693.65,1729.91,1689.0,1728.03,22988613632.0,28579697,0
20131022,1725.19,1728.64,1697.86,1703.2,26839578624.0,31354937,0
20131023,1702.9,1712.07,1665.67,1675.61,21787940864.0,29038310,0
20131024,1671.33,1676.86,1652.78,1656.12,13600048128.0,18457792,0
20131025,1657.33,1661.14,1620.52,1629.56,15584225280.0,20788379,0
20131028,1630.69,1640.03,1620.23,1632.31,11893618688.0,15720700,0
20131029,1633.99,1654.2,1591.96,1625.93,18840174592.0,28128849,0
20131030,1622.69,1661.27,1621.6,1660.61,19919372288.0,32503409,0
20131031,1656.22,1656.22,1635.11,1639.2,14910209024.0,22922817,0
20131101,1638.02,1642.41,1618.16,1631.28,13792244736.0,18248301,0
20131104,1634.36,1645.26,1630.76,1636.32,12466753536.0,16954316,0
20131105,1627.34,1649.96,1617.07,1649.65,14128864256.0,19730732,0
20131106,1642.94,1667.07,1639.36,1640.64,17555707904.0,23444906,0
20131107,1636.82,1650.45,1626.86,1634.2,12538961920.0,17037620,0
20131108,1627.98,1635.55,1609.09,1611.34,11686921216.0,16416102,0
20131111,1607.18,1614.06,1590.86,1603.74,9538418688.0,13085832,0
20131112,1603.23,1614.54,1597.49,1614.06,10388745216.0,14101991,0
20131113,1604.37,1604.86,1578.22,1578.6,12805202944.0,18386871,0
20131114,1578.64,1595.92,1571.49,1593.17,11730579456.0,15354960,0
20131115,1593.86,1640.75,1593.77,1625.74,18064560128.0,23718983,0
20131118,1638.56,1666.74,1634.1,1666.74,18380943360.0,25717074,0
20131119,1667.39,1683.51,1664.39,1672.79,16840330240.0,22495946,0
20131120,1681.06,1685.12,1663.02,1680.92,13379869696.0,19436066,0
20131121,1674.8,1694.72,1668.17,1691.62,18413916160.0,26090661,0
20131122,1695.15,1697.32,1670.85,1676.13,16613770240.0,22077084,0
20131125,1667.09,1676.87,1658.14,1658.69,13835465728.0,19491568,0
20131126,1660.37,1666.57,1649.95,1655.4,11886670848.0,18785585,0
20131127,1654.38,1682.79,1652.99,1680.93,15893595136.0,21448325,0
20131128,1685.85,1702.56,1685.16,1692.44,16657476608.0,23503616,0
20131129,1693.67,1695.05,1684.55,1692.35,13583485952.0,19150103,0
20131202,1671.65,1692.87,1635.76,1654.01,20886818816.0,30529994,0
20131203,1648.59,1676.86,1645.17,1673.29,14427993088.0,20731151,0
20131204,1670.92,1711.16,1668.75,1701.31,19049768960.0,30019531,0
20131205,1707.17,1711.64,1691.0,1695.17,15836082176.0,25082100,0
20131206,1691.03,1695.15,1681.29,1684.86,13588762624.0,19260013,0
20131209,1688.75,1696.05,1680.63,1691.42,12817804288.0,16861210,0
20131210,1692.47,1702.21,1684.05,1687.52,13481498624.0,17853989,0
20131211,1680.71,1680.78,1656.69,1666.24,13145503744.0,18377689,0
20131212,1662.68,1677.24,1662.65,1666.0,11797088256.0,14675795,0
20131213,1654.84,1667.47,1651.54,1658.77,11349608448.0,15455135,0
20131216,1655.97,1660.17,1622.51,1623.82,12121521152.0,16984516,0
20131217,1624.71,1628.53,1604.65,1610.13,9141419008.0,12337615,0
20131218,1611.81,1613.35,1598.94,1603.99,7291756544.0,9764698,0
20131219,1608.44,1616.19,1591.76,1593.16,7879941120.0,10835679,0
20131220,1594.3,1599.28,1559.95,1563.9,9610921984.0,14661984,0
20131223,1565.69,1569.9,1542.93,1554.86,7689293312.0,10900770,0
20131224,1560.83,1575.88,1548.82,1562.17,7876619776.0,11262589,0
20131225,1564.28,1573.82,1558.1,1573.6,7110988288.0,9281165,0
20131226,1570.46,1571.16,1540.15,1541.64,8663168000.0,12279894,0
20131227,1541.86,1565.39,1540.27,1558.62,7665266176.0,11301508,0
20131230,1563.65,1567.8,1556.55,1556.86,7476502528.0,10575477,0
20131231,1551.38,1572.7,1549.85,1568.08,7463857152.0,10992707,0
20140102,1565.35,1568.91,1556.64,1562.25,8277945344.0,10525737,0
20140103,1555.53,1555.79,1536.85,1550.12,10550167552.0,14108508,0
20140106,1544.16,1544.16,1507.82,1510.14,11177905152.0,15804766,0
20140107,1502.94,1519.84,1500.47,1512.28,8980932608.0,11834312,0
20140108,1514.83,1526.94,1504.97,1512.93,10777601024.0,12473082,0
20140109,1515.46,1529.37,1505.06,1506.38,11785345024.0,13197334,0
20140110,1503.09,1510.53,1484.74,1488.96,10526831616.0,13634352,0
20140113,1489.84,1497.05,1472.81,1480.82,9021449216.0,11637288,0
20140114,1477.44,1496.91,1471.06,1496.91,9955080192.0,12339983,0
20140115,1493.48,1495.25,1482.06,1491.09,8696029184.0,10200668,0
20140116,1490.66,1500.18,1486.27,1491.25,8766589952.0,11618487,0
20140117,1485.71,1486.13,1469.09,1471.27,8285090304.0,11005729,0
20140120,1468.45,1471.18,1454.81,1461.57,6787221504.0,8775472,0
20140121,1463.15,1485.48,1463.15,1485.33,8725520384.0,10030840,0
20140122,1488.11,1520.58,1487.52,1520.24,13899086848.0,16646496,0
20140123,1521.62,1532.75,1517.99,1526.29,15261635584.0,16463964,0
20140124,1523.24,1541.26,1521.56,1535.63,13992317952.0,16337409,0
20140127,1526.71,1534.04,1516.73,1523.05,13446731776.0,14551847,0
20140128,1524.9,1531.09,1511.1,1521.52,10586790912.0,11914938,0
20140129,1524.44,1534.54,1522.94,1532.21,11042855936.0,12130171,0
20140130,1529.7,1534.4,1521.67,1524.74,10194253824.0,10433475,0
20140207,1518.27,1543.76,1513.24,1543.73,11693236224.0,12098589,0
20140210,1547.52,1573.42,1547.52,1571.79,17426673664.0,19994593,0
20140211,1570.08,1588.58,1561.13,1583.62,20045719552.0,24284850,0
20140212,1583.83,1592.18,1578.82,1592.18,17635233792.0,21207798,0
20140213,1593.03,1593.73,1574.68,1574.68,19379400704.0,23387932,0
20140214,1577.73,1601.02,1577.73,1601.02,16177620992.0,19102595,0
20140217,1609.0,1611.95,1594.42,1610.18,19891376128.0,23899033,0
20140218,1608.16,1610.26,1597.83,1603.19,22052190208.0,24537558,0
20140219,1600.86,1615.54,1594.15,1609.5,18044211200.0,23845822,0
20140220,1617.67,1634.54,1607.79,1610.72,20877443072.0,28650413,0
20140221,1607.67,1607.77,1577.77,1590.11,15706223616.0,20661750,0
20140224,1580.92,1580.92,1555.27,1568.21,14859524096.0,18985247,0
20140225,1568.45,1577.58,1521.96,1528.99,19528538112.0,22519379,0
20140226,1524.25,1526.21,1504.71,1525.54,13440388096.0,16280828,0
20140227,1527.61,1537.9,1519.28,1522.07,17225658368.0,23079153,0
20140228,1520.51,1525.87,1497.11,1524.85,13707288576.0,18243780,0
20140303,1521.8,1554.18,1518.49,1554.18,16672226304.0,26715787,0
20140304,1546.12,1547.85,1526.03,1544.22,12160775168.0,17888343,0
20140305,1545.5,1548.06,1528.35,1530.21,11853485056.0,16660429,0
20140306,1528.39,1536.77,1513.02,1533.23,11100054528.0,16003212,0
20140307,1532.07,1547.15,1524.78,1530.29,11962940416.0,16326608,0
20140310,1518.9,1518.9,1473.42,1474.83,13078772736.0,19010957,0
20140311,1470.11,1481.22,1461.97,1474.45,9179915264.0,13343256,0
20140312,1471.74,1481.13,1453.34,1471.89,9905776640.0,14734203,0
20140313,1473.59,1487.56,1470.39,1485.07,9330991104.0,15694700,0
20140314,1477.42,1483.08,1463.15,1473.06,7581172224.0,11343025,0
20140317,1478.22,1493.03,1473.74,1492.75,8904647680.0,13117708,0
20140318,1495.54,1503.24,1490.26,1500.34,10313367552.0,14233408,0
20140319,1497.18,1497.18,1480.92,1496.19,9262767104.0,13235683,0
20140320,1493.56,1504.37,1466.24,1466.48,11178331136.0,15806795,0
20140321,1461.83,1507.47,1456.29,1507.23,14236477440.0,22092470,0
20140324,1509.41,1523.12,1504.76,1519.17,13148226560.0,22306632,0
20140325,1518.92,1537.41,1516.39,1528.51,13639840768.0,23457355,0
20140326,1529.93,1531.51,1517.53,1521.22,9415245824.0,15103339,0
20140327,1518.24,1525.19,1506.8,1506.8,10244251648.0,16493519,0
20140328,1506.15,1514.83,1491.95,1497.51,9981936640.0,16129417,0
20140331,1499.71,1499.71,1482.22,1487.45,9794205696.0,15571589,0
20140401,1485.45,1500.42,1485.04,1498.28,8059875840.0,12636723,0
20140402,1501.1,1504.93,1493.75,1500.36,9487158272.0,15092210,0
20140403,1503.71,1504.24,1483.54,1487.44,9368249344.0,15257867,0
20140404,1484.08,1499.27,1481.54,1498.94,6939525120.0,10837686,0
20140408,1495.32,1522.71,1494.22,1521.52,12218296320.0,20497023,0
20140409,1525.91,1537.73,1525.29,1533.72,11715734528.0,17142154,0
20140410,1534.08,1559.82,1528.3,1551.53,15295718400.0,24814819,0
20140411,1547.62,1554.44,1542.57,1550.42,12366854144.0,19641945,0
20140414,1549.02,1557.89,1544.39,1556.61,10724901888.0,15206559,0
20140415,1553.34,1553.34,1535.23,1537.3,11303402496.0,16618297,0
20140416,1532.59,1543.51,1530.52,1538.35,9083053056.0,13239140,0
20140417,1540.34,1544.54,1531.59,1532.49,9114099712.0,14025469,0
20140418,1529.14,1538.16,1524.89,1537.73,9184368640.0,13910392,0
20140421,1528.44,1539.89,1513.19,1513.29,11095789568.0,16051327,0
20140422,1510.67,1520.94,1499.86,1517.09,10578540544.0,15805979,0
20140423,1514.23,1518.46,1504.38,1510.24,8033970176.0,12055491,0
20140424,1509.12,1514.07,1501.26,1502.14,7658169856.0,10946220,0
20140425,1503.72,1509.55,1484.56,1485.05,10106080256.0,15701537,0
20140428,1481.51,1484.05,1450.12,1451.48,9696259072.0,16013212,0
20140429,1451.64,1465.73,1446.03,1464.87,8213214208.0,13078737,0
20140430,1464.3,1477.19,1461.12,1473.81,8437692928.0,14495900,0
20140505,1470.55,1476.82,1460.28,1475.58,8267490816.0,13974278,0
20140506,1473.62,1484.39,1471.44,1478.95,8340087808.0,12960829,0
20140507,1473.92,1474.02,1461.15,1462.23,7405043712.0,11540796,0
20140508,1459.83,1484.03,1459.33,1466.97,7878067712.0,12950434,0
20140509,1469.49,1471.27,1457.24,1465.9,8514488832.0,14027113,0
20140512,1474.28,1505.14,1469.69,1503.04,12248252416.0,20072035,0
20140513,1504.15,1510.28,1496.99,1504.15,12586700800.0,20874547,0
20140514,1502.58,1507.49,1497.82,1500.87,8600843264.0,13551556,0
20140515,1498.27,1498.95,1477.77,1478.94,8524753920.0,13376014,0
20140516,1478.01,1484.05,1470.18,1483.19,7254805504.0,11609886,0
20140519,1480.03,1480.03,1465.1,1471.55,6230260736.0,10095801,0
20140520,1477.82,1484.01,1470.76,1473.87,6467651584.0,10207511,0
20140521,1468.47,1487.16,1461.42,1486.36,6716990976.0,10593345,0
20140522,1486.23,1501.1,1483.47,1484.17,8705624064.0,12889929,0
20140523,1483.27,1491.95,1478.55,1491.95,6643406336.0,9499631,0
20140526,1497.97,1499.49,1489.71,1494.84,7312131072.0,10109405,0
20140527,1494.16,1494.95,1486.93,1487.82,7411807232.0,10558816,0
20140528,1487.11,1499.52,1482.84,1498.36,8524451840.0,11576590,0
20140529,1499.05,1501.17,1487.92,1488.54,8434673664.0,11811582,0
20140530,1491.36,1492.12,1480.95,1485.8,8424411648.0,11754594,0
20140603,1485.54,1492.24,1483.37,1483.95,7382480384.0,11079551,0
20140604,1483.82,1483.85,1467.79,1476.87,7319647744.0,11038193,0
20140605,1475.01,1490.18,1472.42,1489.91,8169588224.0,11138780,0
20140606,1490.19,1490.51,1476.15,1481.62,8158077952.0,10693222,0
20140609,1479.21,1489.33,1477.48,1479.22,7506203136.0,10305810,0
20140610,1480.75,1492.87,1475.28,1492.83,8033619456.0,11915393,0
20140611,1492.51,1500.41,1490.8,1498.78,8958673920.0,12805280,0
20140612,1496.48,1498.6,1490.88,1493.01,8789773312.0,13994118,0
20140613,1488.87,1502.65,1488.13,1499.17,8830538752.0,13335554,0
20140616,1499.28,1509.9,1498.87,1508.23,9017817088.0,13568383,0
20140617,1506.44,1506.44,1495.46,1496.0,8987115520.0,12720059,0
20140618,1494.26,1496.28,1486.48,1487.27,8876510208.0,12437010,0
20140619,1487.67,1489.79,1458.52,1463.55,9166077952.0,13159469,0
20140620,1463.53,1471.46,1461.51,1471.46,6426463744.0,9828152,0
20140623,1468.59,1474.27,1465.91,1467.13,6295131136.0,9169058,0
20140624,1468.09,1476.04,1467.76,1475.95,7160112640.0,10377207,0
20140625,1474.86,1474.98,1466.15,1473.27,7844742656.0,10890298,0
20140626,1472.03,1484.94,1471.89,1481.35,8323757568.0,12084671,0
20140627,1481.1,1492.05,1477.65,1487.05,9226262528.0,14500986,0
20140630,1489.1,1495.24,1486.59,1494.07,9704404992.0,14284795,0
20140701,1495.19,1501.38,1490.45,1501.29,8322978816.0,12181024,0
20140702,1501.43,1510.88,1495.96,1510.57,9890563072.0,16325244,0
20140703,1511.39,1529.86,1508.29,1525.42,11692125184.0,21311343,0
20140704,1526.02,1526.02,1509.89,1516.61,11319485440.0,18497623,0
20140707,1515.64,1515.64,1503.31,1507.36,9188827136.0,12962747,0
20140708,1505.84,1519.47,1499.49,1518.92,9548484608.0,14791133,0
20140709,1517.01,1517.01,1494.72,1496.53,9440443392.0,14583242,0
20140710,1494.87,1510.19,1492.52,1499.93,8546231808.0,14452520,0
20140711,1495.73,1513.54,1495.08,1510.02,8416653312.0,14928183,0
20140714,1511.55,1525.91,1510.82,1525.88,9650376704.0,15666673,0
20140715,1524.86,1527.76,1512.12,1519.98,10319882240.0,15745286,0
20140716,1520.01,1536.09,1517.18,1532.18,12936935424.0,24326657,0
20140717,1531.44,1532.43,1515.98,1522.71,8683811840.0,15371562,0
20140718,1514.94,1524.2,1512.93,1517.14,7710328320.0,12649788,0
20140721,1515.58,1519.33,1509.68,1513.97,7010686976.0,11219272,0
20140722,1512.87,1529.72,1510.47,1527.82,8011138048.0,13519503,0
20140723,1527.48,1532.71,1518.26,1522.72,9021438976.0,15498416,0
20140724,1522.11,1529.59,1513.54,1528.12,10013060096.0,17563361,0
20140725,1529.05,1541.66,1527.72,1541.57,9251497984.0,16411681,0
20140728,1545.53,1566.95,1545.53,1565.88,14871038976.0,27320847,0
20140729,1565.01,1573.88,1560.17,1569.0,13146983424.0,22299573,0
20140730,1564.56,1566.48,1557.37,1562.52,10780232704.0,19289172,0
20140731,1561.59,1573.26,1557.81,1573.19,10135453696.0,16428465,0
20140801,1569.66,1583.21,1562.83,1563.49,12814277632.0,23341067,0
20140804,1563.44,1583.28,1563.44,1583.28,10838284288.0,19199466,0
20140805,1583.27,1594.13,1577.24,1593.66,12640066560.0,20452449,0
20140806,1590.85,1600.09,1581.7,1597.99,13558450176.0,23117167,0
20140807,1598.11,1603.42,1578.98,1580.35,13403954176.0,22171785,0
20140808,1581.08,1589.73,1579.05,1585.2,10285014016.0,15505090,0
20140811,1588.68,1607.32,1588.68,1607.29,12298617856.0,18054595,0
20140812,1605.91,1612.84,1600.48,1612.67,13620790272.0,18926591,0
20140813,1614.84,1618.12,1597.3,1610.59,14050137088.0,21090539,0
20140814,1608.51,1620.06,1600.15,1600.82,14035475456.0,21924485,0
20140815,1601.59,1621.03,1598.99,1617.79,13533137920.0,19809772,0
20140818,1621.14,1641.03,1621.14,1641.03,18034472960.0,25225900,0
20140819,1650.08,1653.64,1635.89,1647.24,22804254720.0,27524353,0
20140820,1644.36,1650.36,1638.13,1644.32,16263408640.0,24556642,0
20140821,1643.09,1652.3,1628.5,1652.3,19330762752.0,23818030,0
20140822,1650.68,1669.71,1647.06,1666.47,21563990016.0,29039052,0
20140825,1666.49,1677.24,1653.05,1666.5,20819159040.0,31737536,0
20140826,1662.9,1673.58,1637.54,1644.13,19125532672.0,29677660,0
20140827,1640.65,1649.22,1638.35,1642.07,12925113344.0,19114259,0
20140828,1641.9,1648.79,1630.35,1630.35,13065352192.0,18757933,0
20140829,1632.23,1648.28,1629.78,1648.28,9476418560.0,13768610,0
20140901,1648.5,1666.85,1647.28,1666.3,14362797056.0,19384706,0
20140902,1669.88,1687.42,1667.72,1687.42,19651774464.0,31138593,0
20140903,1691.9,1710.86,1691.9,1707.63,25535252480.0,38640805,0
20140904,1706.59,1730.62,1700.91,1730.01,24188030976.0,36127775,0
20140905,1731.85,1749.07,1730.01,1747.47,26019778560.0,42377330,0
20140909,1751.42,1758.34,1744.09,1757.69,21978351616.0,33815952,0
20140910,1755.27,1765.0,1747.59,1764.49,23303839744.0,35953509,0
20140911,1762.52,1781.57,1748.28,1755.85,23915499520.0,36440044,0
20140912,1750.93,1773.47,1746.82,1773.04,19675164672.0,32413707,0
20140915,1770.91,1785.67,1765.11,1785.49,21944307712.0,33058257,0
20140916,1787.33,1795.7,1743.0,1744.81,32968171520.0,54153425,0
20140917,1745.52,1758.15,1730.65,1757.84,19299514368.0,33178719,0
20140918,1755.3,1770.08,1750.49,1768.21,17615808512.0,29545183,0
20140919,1768.27,1782.49,1761.69,1778.88,16588694528.0,25254821,0
20140922,1775.25,1775.97,1751.15,1755.21,18349887488.0,29080135,0
20140923,1753.85,1770.25,1753.07,1769.5,16235633664.0,24911026,0
20140924,1765.13,1792.03,1760.76,1791.8,19749570560.0,31524746,0
20140925,1798.91,1816.07,1794.06,1800.55,23824801792.0,39282160,0
20140926,1795.37,1803.08,1788.56,1802.22,17799632896.0,29465295,0
20140929,1804.36,1815.32,1804.36,1813.19,20844558336.0,30364229,0
20140930,1815.83,1823.65,1809.4,1821.91,19198449664.0,29491614,0
20141008,1827.41,1844.9,1818.77,1844.9,21306025984.0,30118190,0
20141009,1846.54,1852.39,1831.25,1846.65,24507123712.0,34279420,0
20141010,1841.58,1841.87,1823.32,1831.4,22626615296.0,33008308,0
20141013,1823.54,1823.54,1797.71,1816.37,19113402368.0,28374155,0
20141014,1812.74,1828.85,1800.43,1811.83,18884317184.0,28346316,0
20141015,1810.47,1832.94,1804.03,1832.56,19004006400.0,32646290,0
20141016,1820.56,1841.11,1809.84,1809.84,21803933696.0,34602604,0
20141017,1805.1,1811.6,1766.65,1787.53,17715243008.0,28551457,0
20141020,1791.79,1806.31,1789.36,1806.31,13605203968.0,20404027,0
20141021,1804.7,1818.04,1798.44,1800.02,14330254336.0,21689081,0
20141022,1801.87,1805.91,1782.51,1783.05,12506068992.0,18504674,0
20141023,1781.13,1785.87,1750.46,1754.21,15070084096.0,23614980,0
20141024,1754.79,1766.65,1750.52,1761.02,12502893568.0,17243828,0
20141027,1755.92,1767.86,1748.34,1763.82,13335212032.0,18644908,0
20141028,1769.94,1804.99,1769.94,1804.99,17690894336.0,24891618,0
20141029,1810.31,1853.17,1810.31,1844.12,30325784576.0,48271034,0
20141030,1844.13,1887.45,1839.07,1883.66,36957667328.0,68767046,0
20141031,1885.52,1894.04,1865.62,1887.3,33865881600.0,64494624,0
20141103,1887.99,1925.16,1886.8,1917.36,34741866496.0,66938587,0
20141104,1914.83,1929.82,1901.79,1916.59,34733686784.0,66244684,0
20141105,1921.54,1928.69,1908.36,1912.57,26661273600.0,47406266,0
20141106,1910.64,1919.36,1890.61,1918.45,25328394240.0,41417144,0
20141107,1920.72,1934.65,1897.45,1910.54,31005853696.0,49877565,0
20141110,1917.03,1954.74,1909.13,1954.74,30269450240.0,51049054,0
20141111,1959.29,1960.69,1892.34,1910.11,35646349312.0,61364150,0
20141112,1903.68,1945.27,1900.28,1945.27,24274219008.0,40105909,0
20141113,1948.31,1950.39,1922.05,1936.67,27798738944.0,45069461,0
20141114,1933.44,1934.85,1914.57,1929.22,18968518656.0,30794639,0
20141117,1957.56,1964.64,1928.34,1945.83,25596276736.0,37120849,0
20141118,1945.35,1953.78,1932.63,1938.99,23397863424.0,35153181,0
20141119,1938.19,1949.07,1934.02,1939.72,24121128960.0,34698783,0
20141120,1934.08,1940.17,1926.0,1939.04,19737337856.0,26808833,0
20141121,1938.27,1969.27,1935.72,1969.1,25618216960.0,34687459,0
20141124,1993.73,2011.82,1984.0,2002.86,36267384832.0,53194383,0
20141125,2007.1,2037.51,2004.9,2037.35,33620711424.0,48803151,0
20141126,2041.77,2047.36,2020.3,2038.93,35791482880.0,46965893,0
20141127,2043.24,2046.49,2017.34,2036.57,32746803200.0,44971384,0
20141128,2047.43,2057.46,2031.32,2055.28,45799960576.0,72628544,0
20141201,2067.55,2087.34,2054.39,2068.62,44876537856.0,72208454,0
20141202,2058.06,2110.34,2054.34,2104.33,47392727040.0,72091787,0
20141203,2111.1,2131.22,2087.0,2126.1,58769924096.0,81859327,0
20141204,2127.88,2174.57,2121.48,2174.33,54561071104.0,75953231,0
20141205,2182.07,2187.27,2082.37,2135.72,64689926144.0,88960252,0
20141208,2130.97,2226.13,2121.63,2224.6,65227190272.0,91191308,0
20141209,2221.91,2336.31,2138.12,2155.25,92533276672.0,125754310,0
20141210,2159.83,2280.91,2147.35,2279.98,64764366848.0,81657760,0
20141211,2305.56,2351.22,2289.76,2328.41,79615385600.0,100957296,0
20141212,2344.98,2349.44,2303.2,2327.38,58211680256.0,74365167,0
20141215,2330.05,2348.15,2298.85,2341.75,55196520448.0,66266977,0
20141216,2341.8,2353.17,2310.91,2353.17,54899474432.0,68713587,0
20141217,2346.7,2371.11,2316.38,2363.21,61347119104.0,79699566,0
20141218,2356.36,2405.72,2351.44,2384.26,53675732992.0,68754023,0
20141219,2381.05,2463.68,2368.64,2460.34,73022373888.0,101181397,0
20141222,2479.52,2517.73,2400.67,2443.58,87659446272.0,119506114,0
20141223,2427.67,2437.29,2335.92,2340.77,55685541888.0,80178994,0
20141224,2338.12,2376.15,2306.93,2338.83,51859062784.0,73974608,0
20141225,2344.16,2399.83,2323.87,2399.33,47531216896.0,67806736,0
20141226,2399.39,2442.63,2381.69,2436.92,55042625536.0,75047179,0
20141229,2449.18,2477.38,2412.76,2440.88,60242018304.0,77747398,0
20141230,2440.61,2444.38,2354.19,2365.82,45680820224.0,58969459,0
20141231,2361.76,2410.28,2342.97,2405.58,46082605056.0,60477157,0
20150105,2420.12,2493.72,2419.35,2485.86,68482351104.0,91309384,0
20150106,2478.49,2527.49,2457.61,2526.81,70522585088.0,87974917,0
20150107,2517.27,2524.24,2488.01,2521.49,55200186368.0,67513825,0
20150108,2515.47,2518.35,2458.51,2464.74,51270123520.0,64928054,0
20150109,2447.02,2499.39,2425.2,2428.48,49088425984.0,62152628,0
20150112,2411.56,2411.56,2349.23,2376.31,38527889408.0,50558737,0
20150113,2377.74,2400.69,2377.04,2390.81,28294871040.0,34910410,0
20150114,2389.78,2391.5,2345.66,2361.98,25133041664.0,31873514,0
20150115,2359.67,2413.61,2359.67,2413.52,30581833728.0,38926089,0
20150116,2421.25,2442.4,2414.95,2436.6,37258842112.0,42583349,0
20150119,2329.83,2375.37,2243.27,2264.08,46345723904.0,59490957,0
20150120,2278.36,2330.4,2277.35,2329.13,37735948288.0,45640159,0
20150121,2341.03,2414.15,2338.72,2411.35,46832619520.0,53223497,0
20150122,2413.46,2426.2,2393.7,2423.01,38606696448.0,42439885,0
20150123,2428.03,2440.34,2397.96,2412.74,39097929728.0,45075910,0
20150126,2414.01,2461.63,2410.58,2461.52,38977806336.0,43380940,0
20150127,2461.45,2461.75,2395.93,2440.87,43340611584.0,49385200,0
20150128,2427.56,2450.4,2417.31,2429.21,40003661824.0,45902769,0
20150129,2403.03,2444.36,2398.1,2429.47,38957355008.0,48723568,0
20150130,2436.57,2441.42,2393.73,2394.35,36859944960.0,43290706,0
20150202,2356.01,2363.81,2330.88,2336.19,29536079872.0,35059164,0
20150203,2351.78,2375.24,2342.05,2374.91,28231409664.0,31685661,0
20150204,2382.2,2391.35,2360.37,2362.32,33260021760.0,35057025,0
20150205,2392.57,2393.71,2343.22,2343.45,44992528384.0,46035963,0
20150206,2333.49,2333.85,2254.36,2269.82,37057675264.0,43748240,0
20150209,2262.24,2269.5,2241.13,2246.12,26456930304.0,29663162,0
20150210,2245.94,2301.58,2245.32,2301.39,23144695808.0,26025020,0
20150211,2307.9,2329.24,2307.9,2321.48,25221048320.0,25621583,0
20150212,2324.51,2356.74,2313.25,2346.27,27917473792.0,31996095,0
20150213,2350.46,2391.62,2350.46,2376.13,36633042944.0,39228113,0
20150216,2382.91,2434.53,2382.91,2433.4,42284994560.0,39680358,0
20150217,2439.63,2472.52,2439.63,2471.13,44035096576.0,46194735,0
20150225,2482.12,2497.41,2455.36,2464.28,45566521344.0,46502976,0
20150226,2465.68,2501.6,2460.33,2500.76,41342152704.0,45833601,0
20150227,2501.89,2530.53,2495.55,2524.65,45664071680.0,49409641,0
20150302,2551.12,2559.1,2530.37,2558.81,50741747712.0,50517576,0
20150303,2550.77,2567.78,2521.55,2523.84,60075683840.0,62815002,0
20150304,2519.49,2546.74,2512.15,2544.16,44058939392.0,43247531,0
20150305,2537.88,2542.34,2494.04,2507.91,46737051648.0,45803314,0
20150306,2506.07,2507.35,2478.95,2481.3,38064365568.0,38562703,0
20150309,2471.76,2518.11,2459.75,2517.75,33142214656.0,35570308,0
20150310,2519.44,2554.98,2516.39,2544.38,41240358912.0,42747016,0
20150311,2543.84,2563.19,2532.24,2540.83,42170318848.0,46737169,0
20150312,2548.3,2560.33,2538.5,2555.54,38989434880.0,44233583,0
20150313,2562.17,2599.66,2562.17,2599.42,46060281856.0,52586872,0
20150316,2621.34,2681.45,2617.1,2681.45,64566095872.0,69103080,0
20150317,2696.64,2764.93,2683.25,2752.13,85781938176.0,94689543,0
20150318,2772.2,2810.16,2753.81,2810.1,92882370560.0,106076808,0
20150319,2801.2,2822.29,2779.29,2818.71,84481310720.0,97463074,0
20150320,2821.55,2837.22,2799.57,2824.14,75075346432.0,79625371,0
20150323,2842.34,2896.1,2842.34,2896.03,87890223104.0,92414277,0
20150324,2902.67,2935.95,2820.0,2929.01,112415932416.0,119852706,0
20150325,2924.31,2924.31,2877.45,2891.35,83857178624.0,84746516,0
20150326,2877.3,2892.8,2837.56,2862.57,66313764864.0,67994343,0
20150327,2860.4,2877.68,2840.47,2868.72,49357692928.0,50101885,0
20150330,2888.23,2936.57,2888.23,2930.41,70275940352.0,73454332,0
20150331,2943.93,2947.47,2895.58,2903.81,71552786432.0,69591362,0
20150401,2901.6,2972.68,2901.6,2968.05,69640773632.0,66402110,0
20150402,2972.61,2986.92,2945.48,2983.35,74655424512.0,70640152,0
20150403,2970.52,3025.72,2960.44,3024.23,78394146816.0,72588011,0
20150407,3035.65,3093.81,3035.65,3093.81,94470127616.0,92387271,0
20150408,3101.45,3101.62,2999.09,3042.84,91891040256.0,85121879,0
20150409,3043.5,3043.5,2929.14,3006.92,81737113600.0,78128537,0
20150410,2999.98,3074.46,2992.98,3069.29,71823818752.0,69120846,0
20150413,3088.83,3145.33,3080.29,3140.09,83640434688.0,83257826,0
20150414,3147.15,3233.03,3135.09,3203.89,100525858816.0,101820884,0
20150415,3216.95,3226.78,3133.65,3154.3,103647772672.0,106846875,0
20150416,3120.95,3261.01,3091.02,3240.42,101442543616.0,103781593,0
20150417,3280.3,3367.09,3279.31,3334.51,144513449984.0,141349551,0
20150420,3323.02,3446.47,3267.25,3346.31,163874832384.0,160250440,0
20150421,3365.24,3423.88,3344.46,3420.6,129501413376.0,119793878,0
20150422,3440.21,3550.26,3440.21,3538.26,139156455424.0,126116904,0
20150423,3559.42,3581.85,3519.32,3564.52,127916859392.0,113305720,0
20150424,3526.37,3619.73,3510.9,3598.34,141560791040.0,119871780,0
20150427,3633.54,3709.57,3623.54,3705.84,152092082176.0,130188558,0
20150428,3703.63,3716.13,3609.62,3646.59,158381162496.0,133903470,0
20150429,3625.45,3670.77,3563.55,3644.54,113988050944.0,94002780,0
20150430,3643.62,3719.48,3642.71,3665.83,117747712000.0,105971225,0
20150504,3661.79,3755.48,3630.47,3755.28,122864525312.0,106896528,0
20150505,3765.53,3765.53,3520.12,3529.83,139298193408.0,127406760,0
20150506,3529.45,3576.62,3386.31,3433.69,101177270272.0,93540508,0
20150507,3400.83,3413.99,3285.95,3290.16,77066174464.0,75699938,0
20150508,3327.53,3404.92,3305.14,3404.62,81625415680.0,77481917,0
20150511,3442.42,3544.87,3404.71,3544.45,102434627584.0,87501357,0
20150512,3559.81,3652.02,3545.24,3651.94,115210182656.0,98929691,0
20150513,3641.23,3667.96,3591.54,3615.59,111981649920.0,91469707,0
20150514,3618.28,3645.87,3576.44,3609.92,94306140160.0,77044348,0
20150515,3597.86,3603.0,3492.04,3555.7,90072039424.0,72610864,0
20150518,3533.89,3608.06,3525.71,3559.11,82111275008.0,64014411,0
20150519,3564.92,3670.88,3564.86,3670.88,88671371264.0,69374334,0
20150520,3690.45,3786.77,3689.71,3722.73,108515442688.0,84778830,0
20150521,3741.76,3851.24,3736.88,3851.13,108901646336.0,83756097,0
20150522,3922.43,3944.42,3839.5,3925.07,151246946304.0,119001962,0
20150525,3915.83,4068.34,3905.78,4068.25,152479891456.0,121226267,0
20150526,4096.18,4157.65,4022.62,4157.32,163188867072.0,128325475,0
20150527,4169.28,4212.94,4099.26,4198.21,161568669696.0,123732868,0
20150528,4185.61,4237.58,3926.03,3927.28,183191797760.0,149478429,0
20150529,3917.34,3990.8,3743.06,3906.55,120628011008.0,101663327,0
20150601,3938.9,4122.49,3936.09,4122.07,115541688320.0,94860672,0
20150602,4160.87,4245.75,4130.07,4245.69,137276571648.0,107812254,0
20150603,4258.88,4260.68,4120.58,4203.62,125876535296.0,94615104,0
20150604,4211.0,4211.0,3930.42,4202.71,125300916224.0,93923433,0
20150605,4264.94,4315.4,4178.72,4289.21,160730300416.0,124230459,0
20150608,4305.7,4375.62,4257.71,4364.08,183107026944.0,143629265,0
20150609,4376.39,4394.86,4302.38,4383.42,159281070080.0,125874627,0
20150610,4331.03,4471.19,4290.7,4407.03,137735471104.0,100131559,0
20150611,4396.22,4417.56,4355.55,4417.13,127083511808.0,89505377,0
20150612,4434.53,4504.48,4412.75,4483.91,144393240576.0,106424148,0
20150615,4510.28,4557.22,4455.4,4474.8,159937953792.0,119508930,0
20150616,4420.82,4422.41,4242.23,4281.97,121222152192.0,93366981,0
20150617,4273.1,4417.28,4170.42,4406.44,121381126144.0,97218425,0
20150618,4403.44,4486.63,4319.37,4322.8,139228905472.0,110409421,0
20150619,4202.04,4240.17,4000.05,4003.19,100196425728.0,80905905,0
20150623,3982.4,4064.74,3758.57,4064.66,104229773312.0,86298998,0
20150624,4100.95,4237.61,4096.37,4228.25,141283704832.0,118372303,0
20150625,4235.9,4262.66,4039.96,4089.42,149209776128.0,121793880,0
20150626,3940.36,3981.86,3744.64,3762.62,106674733056.0,94737548,0
20150629,3856.74,3858.85,3499.87,3646.9,132458815488.0,119538113,0
20150630,3599.8,3818.37,3407.83,3811.39,128270188544.0,117325319,0
20150701,3761.54,3855.79,3599.01,3599.94,119649861632.0,103375677,0
20150702,3588.54,3605.31,3342.84,3361.73,93865598976.0,90432302,0
20150703,3228.93,3377.64,3109.18,3145.38,79736176640.0,83497088,0
20150706,3377.71,3377.71,2990.22,3122.47,107502649344.0,114462328,0
20150707,3013.5,3053.73,2907.92,2979.73,82883149824.0,99524312,0
20150708,2793.5,2861.7,2787.58,2810.13,75363516416.0,90428819,0
20150709,2762.22,2973.4,2745.28,2973.4,68252151808.0,89720226,0
20150710,3039.32,3167.43,3035.46,3163.94,63693430784.0,73710852,0
20150713,3264.13,3363.37,3225.6,3349.4,91390230528.0,101026860,0
20150714,3359.57,3466.47,3301.77,3326.99,99682983936.0,103660927,0
20150715,3292.44,3296.52,3097.12,3116.43,77242015744.0,81462528,0
20150716,3094.62,3244.36,3011.04,3178.83,65006411776.0,68853496,0
20150717,3200.04,3354.52,3196.93,3327.03,67508981760.0,69407771,0
20150720,3339.28,3424.72,3307.6,3376.07,80779616256.0,77856478,0
20150721,3334.96,3452.42,3318.2,3434.37,79484002304.0,78936500,0
20150722,3424.22,3476.03,3362.22,3457.28,91304280064.0,89363858,0
20150723,3452.12,3576.03,3449.31,3558.5,98812190720.0,96603175,0
20150724,3561.99,3613.91,3462.09,3497.0,106541637632.0,101227368,0
20150727,3419.93,3518.25,3237.0,3238.2,82966773760.0,80411003,0
20150728,3124.28,3279.62,3031.44,3183.72,79931465728.0,85653685,0
20150729,3229.54,3342.52,3159.7,3340.05,74954260480.0,74087343,0
20150730,3321.04,3383.01,3224.64,3243.31,76076146688.0,74976426,0
20150731,3206.71,3274.19,3186.62,3222.84,57043927040.0,56227585,0
20150803,3188.13,3235.37,3121.46,3202.18,56908800000.0,57358059,0
20150804,3213.78,3347.23,3198.35,3347.18,61580746752.0,61422368,0
20150805,3345.07,3372.64,3263.47,3284.4,59570163712.0,57480144,0
20150806,3227.24,3311.65,3218.64,3268.18,43999043584.0,44501563,0
20150807,3299.82,3371.57,3299.82,3365.57,63023263744.0,60536693,0
20150810,3412.94,3535.64,3407.38,3518.78,80645472256.0,77423332,0
20150811,3525.1,3543.85,3477.55,3499.96,94987632640.0,89500698,0
20150812,3449.34,3505.99,3443.78,3469.73,77044686848.0,73630220,0
20150813,3454.9,3554.35,3454.9,3554.23,77453623296.0,70638535,0
20150814,3583.86,3602.91,3544.19,3561.83,85214527488.0,77187780,0
20150817,3567.6,3652.26,3543.47,3652.23,89370787840.0,79626914,0
20150818,3656.07,3660.33,3383.78,3389.69,97099030528.0,87425226,0
20150819,3298.37,3477.9,3241.3,3455.53,76198486016.0,74011807,0
20150820,3417.94,3462.04,3353.05,3353.1,66298241024.0,62922968,0
20150821,3300.51,3342.12,3186.86,3199.32,56378519552.0,57460231,0
20150824,3081.2,3092.82,2967.95,2970.42,42025037824.0,47091162,0
20150825,2797.33,2883.72,2778.5,2785.46,42452185088.0,50996915,0
20150826,2798.79,2880.25,2683.82,2712.27,51280302080.0,65019109,0
20150827,2761.51,2823.24,2689.89,2821.95,41119170560.0,52023975,0
20150828,2857.96,2968.5,2838.02,2966.24,53353787392.0,62977843,0
20150831,2931.03,2953.27,2873.69,2950.77,49819369472.0,58883168,0
20150901,2901.23,2902.16,2795.47,2880.8,49981960192.0,61281227,0
20150902,2768.04,2923.06,2763.24,2888.19,54979649536.0,65488414,0
20150907,2899.57,2971.97,2830.58,2843.19,40663339008.0,46268006,0
20150908,2823.35,2923.54,2777.19,2918.82,30242768896.0,35258556,0
20150909,2930.83,2994.61,2923.11,2972.41,51552620544.0,54712586,0
20150910,2932.39,2967.26,2917.2,2924.87,35523833856.0,38471732,0
20150911,2920.04,2950.55,2896.7,2935.65,29098838016.0,30439622,0
20150914,2962.14,2970.73,2776.44,2836.26,46090940416.0,49439628,0
20150915,2778.76,2816.81,2706.93,2720.15,30476388352.0,34466343,0
20150916,2727.54,2891.6,2716.75,2872.06,34053031936.0,38573510,0
20150917,2861.43,2917.54,2804.1,2804.16,41657626624.0,44718621,0
20150918,2823.16,2832.31,2786.58,2815.61,25755281408.0,27639573,0
20150921,2784.16,2872.6,2778.39,2870.47,30216269824.0,32208364,0
20150922,2862.71,2897.47,2844.57,2872.33,33669949440.0,35728014,0
20150923,2824.24,2854.85,2804.43,2814.36,29714808832.0,31046259,0
20150924,2823.18,2850.3,2816.72,2845.83,33437724672.0,36496342,0
20150925,2842.47,2865.43,2783.7,2799.77,37088997376.0,40891628,0
20150928,2805.87,2819.12,2759.1,2814.96,25785782272.0,28448540,0
20150929,2777.5,2795.38,2753.49,2760.1,21952051200.0,23895637,0
20150930,2772.73,2781.09,2750.28,2762.35,16824833024.0,18578023,0
20151008,2832.82,2858.53,2818.72,2835.01,29850347520.0,31170426,0
20151009,2835.87,2873.16,2828.56,2862.38,29231702016.0,32409675,0
20151012,2873.1,2974.41,2870.18,2951.69,56022179840.0,58845957,0
20151013,2932.38,2975.22,2926.37,2971.14,45387603968.0,47660668,0
20151014,2959.82,2974.12,2931.45,2933.38,40703971328.0,42606559,0
20151015,2925.64,3006.69,2925.64,3006.69,46179237888.0,48319399,0
20151016,3027.36,3063.14,3008.03,3059.25,60824186880.0,60833941,0
20151019,3068.34,3086.51,3023.37,3056.04,58248847360.0,58141301,0
20151020,3041.31,3076.94,3023.93,3076.94,48071909376.0,47589621,0
20151021,3072.52,3085.6,2905.47,2929.07,63636094976.0,66705680,0
20151022,2921.41,3001.59,2918.53,2999.44,47491145728.0,49388837,0
20151023,3003.71,3046.11,2978.78,3037.49,64043294720.0,55631713,0
20151026,3061.73,3062.59,3013.01,3037.39,63145209856.0,58502801,0
20151027,3020.37,3047.44,2947.65,3037.08,51727466496.0,48128156,0
20151028,3023.61,3050.67,2975.52,2983.15,46439358464.0,44540851,0
20151029,2995.13,3021.47,2973.8,3000.33,38159597568.0,37268346,0
20151030,2993.41,3012.1,2956.57,2986.22,38720835584.0,36772100,0
20151102,2948.2,2997.91,2928.89,2935.06,35229749248.0,34321853,0
20151103,2943.3,2952.88,2912.41,2925.21,26990462976.0,25490932,0
20151104,2932.01,3028.81,2932.01,3028.81,45921087488.0,43705813,0
20151105,3027.98,3114.11,3024.09,3066.5,77393084416.0,79507089,0
20151106,3061.05,3115.25,3058.68,3113.07,62181285888.0,60257478,0
20151109,3115.05,3174.9,3114.53,3152.03,72984731648.0,69260807,0
20151110,3139.02,3161.45,3118.92,3136.55,63040933888.0,55526924,0
20151111,3141.81,3155.24,3119.92,3154.72,53125824512.0,47719128,0
20151112,3159.82,3160.67,3103.5,3125.54,52129517568.0,46809320,0
20151113,3098.11,3135.92,3087.68,3102.6,56128761856.0,49278907,0
20151116,3044.24,3099.18,3028.88,3098.78,50770628608.0,43748458,0
20151117,3114.2,3142.19,3079.73,3087.46,74474397696.0,59220124,0
20151118,3091.85,3095.47,3028.33,3034.5,45693415424.0,37416111,0
20151119,3041.88,3078.61,3028.73,3078.61,41401065472.0,34461713,0
20151120,3083.24,3100.4,3071.26,3086.84,50090979328.0,42217045,0
20151123,3082.46,3108.7,3058.56,3067.93,47626727424.0,38905195,0
20151124,3061.03,3065.25,3026.41,3062.73,33378660352.0,28112895,0
20151125,3058.8,3091.09,3052.23,3091.06,40090918912.0,31718925,0
20151126,3098.91,3103.6,3067.88,3071.98,44942376960.0,34799767,0
20151127,3059.69,3065.64,2886.52,2907.96,49781620736.0,44738937,0
20151130,2915.08,2947.23,2816.99,2916.93,42916134912.0,37110130,0
20151201,2921.05,2948.36,2906.3,2928.23,34026588160.0,28614219,0
20151202,2925.19,2963.68,2897.38,2963.52,34666786816.0,32937381,0
20151203,2970.26,2996.54,2963.43,2996.24,31386673152.0,27411440,0
20151204,2978.44,2985.5,2936.36,2950.07,33579921408.0,28763282,0
20151207,2957.08,2981.3,2944.34,2978.66,34729021440.0,25602858,0
20151208,2967.93,2973.76,2917.03,2920.12,35445313536.0,30735857,0
20151209,2910.07,2922.29,2885.71,2903.12,27439247360.0,22062655,0
20151210,2902.41,2923.55,2894.48,2899.1,29642299392.0,23283800,0
20151211,2886.34,2892.44,2864.7,2877.17,24911417344.0,19829462,0
20151214,2859.54,2933.99,2857.98,2933.86,25964664832.0,22416062,0
20151215,2939.21,2948.11,2921.75,2934.38,30565244928.0,23345214,0
20151216,2935.91,2948.69,2924.4,2927.65,27550816256.0,20511838,0
20151217,2942.86,2978.06,2941.81,2978.0,41287536640.0,34520219,0
20151218,2976.56,2997.26,2964.48,2972.84,40631513088.0,35656664,0
20151221,2968.24,3027.09,2966.97,3019.48,43827798016.0,38912313,0
20151222,3025.83,3027.0,2994.43,3022.39,34635685888.0,29138355,0
20151223,3021.57,3026.35,2991.22,2995.05,38472671232.0,32844601,0
20151224,2988.19,2993.47,2941.98,2972.54,26684559360.0,23520135,0
20151225,2979.0,2999.59,2963.47,2982.89,39265968128.0,32919903,0
20151228,2982.05,2993.39,2907.7,2908.35,47406366720.0,38952853,0
20151229,2899.95,2916.6,2877.66,2916.6,31359264768.0,26395141,0
20151230,2916.03,2917.77,2890.3,2911.95,29382676480.0,24449567,0
20151231,2912.98,2920.67,2875.29,2875.35,25475993600.0,21051428,0
20160104,2870.81,2873.66,2654.06,2654.59,26588446720.0,24829528,0
20160105,2569.49,2680.02,2545.87,2628.0,35957985280.0,34530201,0
20160106,2638.68,2682.6,2628.53,2682.6,28143339520.0,27537323,0
20160107,2645.15,2645.15,2470.69,2475.51,7610057728.0,7842269,0
20160108,2542.07,2560.23,2411.84,2511.6,33010909184.0,34398548,0
20160111,2467.72,2511.65,2370.05,2370.05,32548081664.0,35947081,0
20160112,2389.16,2408.68,2341.72,2378.8,24872546304.0,26953120,0
20160113,2396.53,2409.99,2311.18,2311.27,22522736640.0,24197131,0
20160114,2250.22,2365.27,2247.21,2359.38,24748521472.0,27328343,0
20160115,2342.73,2348.54,2239.72,2250.77,22484760576.0,25924850,0
20160118,2212.52,2307.21,2210.75,2278.95,20504735744.0,23202794,0
20160119,2275.19,2353.19,2267.35,2348.93,24874807296.0,27851727,0
20160120,2337.51,2375.68,2314.33,2343.0,29423058944.0,33629008,0
20160121,2304.78,2350.83,2253.55,2253.55,22870102016.0,25628985,0
20160122,2276.81,2293.47,2227.65,2278.17,16604912640.0,18373782,0
20160125,2293.85,2311.77,2274.89,2292.65,14539979776.0,15479744,0
20160126,2271.61,2272.07,2118.99,2121.99,21656498176.0,25855325,0
20160127,2129.07,2140.19,2011.84,2086.41,22167535616.0,27464981,0
20160128,2065.56,2091.52,2003.65,2006.93,15176145920.0,19125801,0
20160129,2007.89,2090.8,2007.89,2078.42,17545711616.0,22195174,0
20160201,2077.83,2084.66,2028.69,2056.8,14616925184.0,17710697,0
20160202,2061.7,2122.25,2061.7,2112.73,16257756160.0,19394834,0
20160203,2087.93,2117.65,2075.78,2113.13,14589900800.0,16522104,0
20160204,2118.7,2152.91,2118.7,2145.15,17901641728.0,20411929,0
20160205,2147.4,2158.65,2130.54,2130.77,14428319744.0,17465011,0
20160215,2068.29,2129.61,2068.15,2116.9,13565691904.0,15351589,0
20160216,2128.24,2202.76,2128.24,2200.07,21865981952.0,25069055,0
20160217,2199.5,2224.57,2188.31,2222.63,24497745920.0,28390560,0
20160218,2233.18,2238.16,2209.0,2215.83,23496450048.0,27367403,0
20160219,2209.88,2221.21,2195.29,2212.47,17839085568.0,18991890,0
20160222,2236.49,2251.66,2218.98,2250.25,25788882944.0,29674328,0
20160223,2248.22,2255.87,2198.2,2223.3,23398348800.0,26370874,0
20160224,2213.81,2256.64,2200.47,2256.64,25606023168.0,30859334,0
20160225,2247.1,2247.1,2074.06,2087.53,32941627392.0,40485536,0
20160226,2104.45,2115.7,2056.71,2100.84,23380611072.0,27885615,0
20160229,2091.31,2091.31,1962.37,1992.59,22658215936.0,28627571,0
20160301,1998.71,2035.33,1966.21,2024.42,17694697472.0,21811602,0
20160302,2025.74,2120.65,2025.35,2117.08,25357080576.0,32885897,0
20160303,2113.24,2149.22,2109.24,2125.62,25925539840.0,33262583,0
20160304,2116.7,2129.38,2067.94,2109.16,28093597696.0,37955311,0
20160307,2125.6,2150.68,2118.19,2140.3,18973968384.0,23727368,0
20160308,2136.95,2152.41,2063.6,2152.41,24401582080.0,30580027,0
20160309,2106.31,2122.86,2085.26,2112.85,17505964032.0,21687129,0
20160310,2106.89,2118.08,2073.1,2073.67,13258569728.0,15415815,0
20160311,2056.85,2082.2,2049.38,2073.46,11935889408.0,14047756,0
20160314,2093.95,2149.44,2092.18,2131.75,19970484224.0,23137555,0
20160315,2128.49,2135.65,2102.24,2135.22,17559853056.0,20825295,0
20160316,2136.47,2143.64,2123.8,2127.92,18927413248.0,24231222,0
20160317,2133.36,2177.27,2124.93,2169.73,22461693952.0,25278973,0
20160318,2175.01,2227.03,2173.46,2215.27,36581326848.0,45242815,0
20160321,2234.12,2271.34,2228.53,2259.43,37796421632.0,45366852,0
20160322,2244.27,2263.59,2232.69,2246.63,27647852544.0,31571735,0
20160323,2240.41,2257.5,2230.27,2251.46,23529895936.0,25115300,0
20160324,2237.07,2248.73,2219.38,2219.38,26414684160.0,29036767,0
20160325,2216.02,2240.26,2211.32,2238.84,20351897600.0,22327924,0
20160328,2250.98,2263.85,2216.29,2221.99,23147698176.0,25096230,0
20160329,2220.8,2225.01,2173.75,2185.81,21618886656.0,25569268,0
20160330,2201.67,2249.6,2201.67,2249.6,23590647808.0,28059061,0
20160331,2260.05,2287.82,2255.97,2270.08,30058987520.0,34621994,0
20160401,2265.41,2279.61,2236.08,2279.61,30422618112.0,35794256,0
20160405,2278.09,2329.92,2265.87,2327.44,34154635264.0,40263809,0
20160406,2316.52,2326.68,2299.69,2316.5,28316067840.0,31508119,0
20160407,2322.65,2326.11,2282.71,2283.32,26809755648.0,29063707,0
20160408,2268.49,2273.68,2240.64,2261.29,20438147072.0,21957960,0
20160411,2275.53,2306.25,2275.53,2298.1,21755078656.0,23480518,0
20160412,2293.83,2298.57,2270.89,2288.82,21042880512.0,22355265,0
20160413,2298.26,2340.39,2298.26,2318.33,34954813440.0,40793578,0
20160414,2328.63,2333.39,2307.95,2328.78,22493788160.0,25520932,0
20160415,2328.74,2331.53,2307.57,2315.73,19547609088.0,21302488,0
20160418,2304.98,2304.98,2275.64,2281.47,18510389248.0,20616492,0
20160419,2291.29,2297.11,2274.3,2284.54,16229041152.0,18117704,0
20160420,2287.3,2290.1,2165.8,2208.08,27898365952.0,34249053,0
20160421,2197.39,2213.66,2177.86,2179.93,13924184064.0,16180412,0
20160422,2171.36,2189.35,2166.61,2189.33,12442353664.0,14312354,0
20160425,2185.71,2185.71,2158.85,2180.39,11420502016.0,13311806,0
20160426,2178.8,2198.06,2174.74,2197.58,11589782528.0,12066248,0
20160427,2197.28,2204.14,2186.23,2188.19,11978488832.0,12471882,0
20160428,2189.47,2193.18,2156.44,2179.32,13524703232.0,14708055,0
20160429,2173.01,2180.67,2167.41,2171.31,10780487680.0,11576107,0
20160503,2173.61,2217.91,2165.42,2217.81,17649317888.0,19551026,0
20160504,2210.86,2239.45,2207.99,2230.98,20571508736.0,25763781,0
20160505,2228.79,2243.61,2223.73,2241.43,19244279808.0,22835147,0
20160506,2241.92,2249.69,2183.05,2183.05,26455427072.0,29329902,0
20160509,2168.54,2168.54,2117.84,2122.91,19569776640.0,23858316,0
20160510,2120.13,2143.11,2117.91,2132.19,13534877696.0,17494441,0
20160511,2139.81,2161.45,2120.77,2145.86,17708759040.0,23696166,0
20160512,2125.08,2154.65,2100.61,2148.51,18189481984.0,23773404,0
20160513,2141.51,2159.27,2126.12,2136.65,13848783872.0,16352282,0
20160516,2130.47,2151.74,2117.34,2151.41,12428705792.0,14647933,0
20160517,2150.72,2151.93,2126.28,2136.04,12134146048.0,14167529,0
20160518,2126.55,2126.55,2077.72,2098.6,14107480064.0,18098746,0
20160519,2095.64,2119.8,2095.53,2098.93,10252050432.0,12290668,0
20160520,2087.91,2112.64,2083.24,2112.39,9788411904.0,11561108,0
20160523,2114.78,2130.32,2114.78,2129.79,11815148544.0,14056589,0
20160524,2125.47,2125.47,2101.83,2112.54,9975933952.0,12175936,0
20160525,2121.93,2127.46,2098.13,2103.5,9584055296.0,11955981,0
20160526,2100.29,2109.18,2070.72,2100.65,9901938688.0,12452432,0
20160527,2097.19,2106.2,2090.29,2097.49,8506819072.0,10410902,0
20160530,2086.81,2097.85,2071.3,2083.98,9578644480.0,11486808,0
20160531,2082.47,2149.5,2082.47,2149.5,21630912512.0,25904305,0
20160601,2147.36,2161.57,2144.9,2150.1,18088882176.0,21197701,0
20160602,2146.55,2157.02,2143.45,2155.86,13883722752.0,16158360,0
20160603,2158.23,2172.58,2148.3,2169.85,17310900224.0,19010594,0
20160606,2175.18,2181.53,2158.76,2167.32,14677950464.0,16655271,0
20160607,2166.22,2167.44,2151.27,2160.47,10934572032.0,12305006,0
20160608,2156.14,2156.25,2135.5,2147.64,14586362880.0,16008927,0
20160613,2125.99,2127.67,2066.33,2066.75,16389837824.0,18885567,0
20160614,2061.21,2072.81,2053.41,2066.38,10256772096.0,12117859,0
20160615,2048.47,2107.34,2045.11,2100.96,14130206720.0,16572708,0
20160616,2096.92,2101.45,2077.16,2081.57,13595625472.0,16322053,0
20160617,2085.66,2109.47,2084.75,2095.64,13606837248.0,16628140,0
20160620,2093.49,2096.48,2074.25,2092.77,10114640896.0,12055738,0
20160621,2101.75,2114.68,2082.15,2089.51,15390319616.0,17042388,0
20160622,2084.7,2107.13,2081.23,2107.03,11096273920.0,12860826,0
20160623,2104.9,2107.81,2088.79,2094.42,11596681216.0,13824517,0
20160624,2093.79,2104.83,2039.25,2071.41,18213435392.0,20423672,0
20160627,2060.7,2097.76,2060.64,2097.76,13528523776.0,14581359,0
20160628,2087.85,2110.85,2081.17,2110.59,16861666304.0,19246291,0
20160629,2114.44,2126.09,2112.74,2118.92,18234361856.0,21278934,0
20160630,2120.97,2124.21,2113.03,2121.7,14704126976.0,15598217,0
20160701,2125.09,2127.56,2112.15,2115.89,13164934144.0,14176964,0
20160704,2108.97,2152.98,2107.49,2150.42,21521233920.0,25101132,0
20160705,2157.18,2175.89,2157.18,2171.85,25723953152.0,32993383,0
20160706,2162.97,2175.16,2149.89,2174.57,20879155200.0,24278284,0
20160707,2167.01,2173.69,2154.72,2167.81,20675262464.0,23926059,0
20160708,2163.68,2163.78,2149.15,2156.06,16404593664.0,19486428,0
20160711,2158.0,2172.85,2152.37,2155.77,19305445376.0,23354146,0
20160712,2155.1,2207.37,2149.82,2207.24,29968375808.0,39027649,0
20160713,2213.17,2240.15,2213.08,2228.7,34121459712.0,41224619,0
20160714,2225.49,2227.34,2211.45,2225.38,21132195840.0,24798768,0
20160715,2231.63,2235.38,2217.97,2228.42,20101804032.0,20676310,0
20160718,2225.31,2236.26,2213.34,2226.09,22939662336.0,23123591,0
20160719,2220.57,2224.3,2204.21,2222.99,20306085888.0,22607942,0
20160720,2220.76,2223.75,2209.76,2216.69,16665968640.0,16517893,0
20160721,2215.9,2236.45,2214.23,2223.67,20158228480.0,20049711,0
20160722,2222.17,2222.73,2200.55,2204.97,19775498240.0,19053800,0
20160725,2201.4,2217.09,2200.09,2210.87,19280850944.0,16268134,0
20160726,2211.23,2240.9,2211.2,2240.78,22257252352.0,20680189,0
20160727,2242.91,2259.86,2168.44,2210.25,37239934976.0,41261292,0
20160728,2203.35,2242.02,2194.5,2235.46,28636934144.0,32849442,0
20160729,2235.06,2245.99,2210.54,2215.12,20914190336.0,25791436,0
20160801,2210.62,2210.62,2173.93,2192.7,18813949952.0,22970200,0
20160802,2189.64,2210.56,2185.63,2210.1,16118332416.0,19539330,0
20160803,2203.82,2219.86,2201.13,2217.76,18762100736.0,22508712,0
20160804,2212.91,2221.06,2201.48,2219.9,17528791040.0,20204051,0
20160805,2215.53,2222.3,2204.49,2206.43,16112188416.0,18848841,0
20160808,2203.24,2227.07,2191.85,2226.78,16043128832.0,19088193,0
20160809,2223.02,2251.07,2220.56,2250.07,22161076224.0,24755632,0
20160810,2246.3,2253.17,2237.93,2238.94,20567941120.0,23082243,0
20160811,2237.02,2242.98,2221.41,2221.93,18489503744.0,20577231,0
20160812,2220.55,2251.91,2220.31,2251.91,18214959104.0,22275267,0
20160815,2253.49,2309.64,2252.22,2303.67,35386261504.0,44041661,0
20160816,2307.02,2319.52,2299.87,2301.95,31297513472.0,36033709,0
20160817,2300.97,2315.21,2291.71,2312.37,27385608192.0,29293693,0
20160818,2311.38,2319.04,2305.77,2313.67,27661135872.0,31174769,0
20160819,2309.1,2322.17,2298.46,2316.24,24090271744.0,26420695,0
20160822,2316.03,2319.06,2287.97,2289.02,24283344896.0,27318204,0
20160823,2284.05,2298.05,2273.63,2287.5,22165231616.0,25846653,0
20160824,2290.19,2300.03,2281.29,2285.31,20672849920.0,23415663,0
20160825,2274.03,2274.03,2244.72,2267.64,21830488064.0,25475092,0
20160826,2269.49,2289.32,2269.43,2277.58,20343488512.0,21935574,0
20160829,2275.49,2288.11,2270.71,2280.17,19704494080.0,21682322,0
20160830,2281.32,2284.58,2270.27,2274.66,17336791040.0,19768672,0
20160831,2271.97,2277.03,2262.86,2276.55,18733772800.0,20462239,0
20160901,2280.43,2286.72,2268.86,2269.11,22294374400.0,25715251,0
20160902,2265.01,2277.14,2258.33,2274.52,19726788608.0,23237136,0
20160905,2276.42,2289.3,2266.44,2271.13,17876948992.0,20263351,0
20160906,2269.92,2301.72,2255.5,2301.58,25141315584.0,27323438,0
20160907,2300.42,2315.01,2295.81,2298.63,25971660800.0,29340733,0
20160908,2297.4,2302.84,2288.67,2302.4,18762508288.0,21474875,0
20160909,2301.74,2308.41,2285.96,2286.18,19495888896.0,22735132,0
20160912,2254.03,2258.97,2222.77,2240.7,26538561536.0,32190513,0
20160913,2244.17,2247.82,2225.71,2239.29,16268830720.0,19099300,0
20160914,2228.2,2235.66,2217.87,2223.62,16416931840.0,18893263,0
20160919,2226.71,2240.29,2226.71,2238.78,13949803520.0,15895606,0
20160920,2239.99,2240.83,2227.62,2231.32,13092029440.0,15071254,0
20160921,2230.92,2238.59,2228.14,2232.71,12815495168.0,14985584,0
20160922,2241.69,2248.44,2238.83,2243.64,15216272384.0,17653348,0
20160923,2245.53,2247.41,2235.23,2235.91,15048392704.0,17684569,0
20160926,2231.89,2231.89,2193.91,2194.78,15923683328.0,18866120,0
20160927,2189.41,2200.91,2179.79,2200.63,11894073344.0,14278550,0
20160928,2205.11,2205.11,2191.78,2194.18,8617862144.0,10570208,0
20160929,2195.09,2205.62,2194.76,2196.56,10105013248.0,12378985,0
20160930,2194.66,2203.0,2193.88,2198.95,9120231424.0,11225246,0
20161010,2213.3,2239.17,2213.04,2238.91,15227678720.0,19014085,0
20161011,2239.28,2260.74,2236.26,2260.69,18319294464.0,23195916,0
20161012,2256.95,2260.31,2248.96,2260.31,18331613184.0,22624304,0
20161013,2257.72,2268.24,2256.0,2263.55,18336536576.0,22299383,0
20161014,2259.92,2275.86,2250.71,2275.86,21188245504.0,27152568,0
20161017,2276.43,2279.66,2251.58,2255.61,19600893952.0,23255224,0
20161018,2251.44,2285.68,2250.71,2285.63,19491856384.0,25236939,0
20161019,2286.09,2299.63,2279.99,2287.51,22637727744.0,29287626,0
20161020,2283.56,2290.0,2277.66,2286.46,18462095360.0,22366768,0
20161021,2283.13,2301.17,2268.57,2286.39,21954404352.0,28645107,0
20161024,2286.58,2316.2,2281.31,2306.29,24508760064.0,33609975,0
20161025,2305.78,2308.49,2292.64,2302.47,18449993728.0,23272778,0
20161026,2300.37,2300.37,2281.42,2288.29,17071055872.0,20732216,0
20161027,2286.83,2286.83,2272.6,2280.28,14566421504.0,17853702,0
20161028,2278.95,2286.44,2267.28,2267.53,16083034112.0,19370109,0
20161031,2263.14,2264.48,2251.03,2262.67,13984824320.0,16330724,0
20161101,2263.86,2277.95,2260.41,2277.81,15184257024.0,18822494,0
20161102,2272.7,2273.99,2255.28,2257.82,16424237056.0,20192213,0
20161103,2257.51,2287.38,2255.89,2277.32,21414737920.0,27002786,0
20161104,2275.54,2287.4,2264.6,2268.9,18063323136.0,22107445,0
20161107,2268.66,2271.91,2258.14,2265.67,13966307328.0,16579020,0
20161108,2272.06,2283.08,2267.57,2273.79,15852384256.0,19364154,0
20161109,2272.28,2274.39,2229.81,2249.27,18800625664.0,23667188,0
20161110,2264.11,2280.31,2264.08,2278.83,19339495424.0,25480189,0
20161111,2277.86,2296.27,2272.71,2295.52,25039110144.0,35017798,0
20161114,2297.63,2321.69,2297.28,2319.97,30876364800.0,44411988,0
20161115,2325.65,2331.83,2309.21,2321.78,23989993472.0,33273500,0
20161116,2329.77,2340.32,2321.66,2335.65,27680770048.0,40358677,0
20161117,2339.66,2348.39,2326.44,2344.96,29962596352.0,46152506,0
20161118,2338.42,2338.42,2313.79,2317.8,22080792576.0,33255581,0
20161121,2313.9,2341.81,2313.58,2330.9,21768966144.0,33678501,0
20161122,2329.78,2342.13,2329.16,2341.53,23622180864.0,34351422,0
20161123,2341.58,2344.8,2318.02,2322.21,21322860544.0,29125464,0
20161124,2321.09,2330.64,2315.48,2321.86,20740507648.0,26834745,0
20161125,2318.89,2334.7,2300.42,2333.86,20960491520.0,28565156,0
20161128,2338.59,2356.2,2336.97,2349.25,26130763776.0,35328660,0
20161129,2345.01,2376.46,2342.76,2362.37,33328023552.0,46894986,0
20161130,2357.67,2364.99,2349.82,2359.74,28932231168.0,38442911,0
20161201,2358.85,2387.5,2356.96,2385.91,32322957312.0,42159834,0
20161202,2382.87,2397.83,2351.59,2354.73,32496719872.0,45432367,0
20161205,2327.69,2353.54,2323.84,2334.99,24226555904.0,33351691,0
20161206,2335.82,2339.6,2317.86,2320.83,17703280640.0,23580653,0
20161207,2318.02,2328.14,2302.88,2327.89,15894375424.0,21291996,0
20161208,2333.57,2339.03,2320.9,2324.04,18766485504.0,24415388,0
20161209,2322.11,2329.63,2312.65,2321.78,18513129472.0,24501522,0
20161212,2320.93,2322.83,2242.72,2248.3,27634831360.0,36934995,0
20161213,2242.3,2264.92,2225.35,2256.49,18872055808.0,24350013,0
20161214,2251.14,2262.55,2235.27,2235.34,18900275200.0,25172724,0
20161215,2224.64,2246.59,2221.36,2230.97,17319772160.0,22719971,0
20161216,2231.07,2248.63,2230.41,2243.9,15578582016.0,19400275,0
20161219,2246.53,2259.15,2243.87,2250.35,14594142208.0,19109910,0
20161220,2248.71,2251.13,2233.88,2246.47,15682284544.0,22243329,0
20161221,2250.14,2290.68,2250.14,2286.01,25073405952.0,36834976,0
20161222,2281.81,2294.64,2279.69,2289.83,22232950784.0,31100586,0
20161223,2288.64,2288.97,2268.14,2274.32,21074141184.0,28042283,0
20161226,2265.63,2280.04,2244.97,2279.5,17783805952.0,23474803,0
20161227,2277.76,2285.02,2267.24,2268.65,15812317184.0,20333931,0
20161228,2266.77,2268.88,2256.1,2263.49,13986573312.0,17639894,0
20161229,2258.55,2266.09,2250.84,2252.32,11449702400.0,14254694,0
20161230,2256.17,2261.66,2245.15,2252.82,13123833856.0,16669761,0
20170103,2254.06,2272.39,2254.06,2272.16,13994718208.0,17978213,0
20170104,2272.68,2290.99,2271.82,2290.91,17936877568.0,22374162,0
20170105,2289.96,2304.12,2283.63,2303.63,20740188160.0,25618964,0
20170106,2300.83,2309.82,2295.86,2299.53,21879304192.0,26702311,0
20170109,2295.61,2316.79,2292.36,2316.49,19525763072.0,23856234,0
20170110,2312.6,2325.99,2303.23,2309.86,22449330176.0,28385530,0
20170111,2301.4,2305.12,2273.45,2273.75,21076262912.0,27579235,0
20170112,2270.72,2276.36,2256.35,2257.05,16666020864.0,21298493,0
20170113,2254.85,2263.94,2244.34,2252.32,17014100992.0,21856075,0
20170116,2246.46,2247.06,2186.24,2232.84,28754647040.0,38995968,0
20170117,2222.66,2235.88,2204.51,2234.59,13278245888.0,17112192,0
20170118,2231.99,2247.25,2228.82,2237.5,12764613632.0,17195810,0
20170119,2233.06,2240.03,2219.47,2223.41,11660215296.0,15695871,0
20170120,2220.39,2244.0,2219.99,2241.01,11173366784.0,14543687,0
20170123,2240.45,2254.8,2240.43,2248.12,12201682944.0,16224224,0
20170124,2244.98,2244.98,2233.77,2238.77,10865332224.0,13650721,0
20170125,2235.17,2248.03,2231.82,2248.03,11020284928.0,14479119,0
20170126,2246.62,2254.23,2244.99,2249.79,10410845184.0,14276579,0
20170203,2249.51,2251.8,2237.54,2241.43,8779898880.0,10954907,0
20170206,2241.64,2253.36,2236.25,2253.29,12459205632.0,16942723,0
20170207,2250.94,2254.68,2241.36,2251.25,11926063104.0,15061505,0
20170208,2248.71,2268.28,2239.71,2267.85,14721402880.0,19892621,0
20170209,2265.28,2276.77,2264.2,2276.71,16340329472.0,22576202,0
20170210,2277.26,2290.22,2275.14,2284.36,19899017216.0,28541774,0
20170213,2282.99,2295.38,2282.75,2294.96,18638223360.0,25346291,0
20170214,2296.79,2299.11,2287.06,2295.55,16345669632.0,22043485,0
20170215,2294.28,2318.23,2292.21,2295.34,27746822144.0,41133191,0
20170216,2293.72,2313.26,2291.18,2311.15,22982920192.0,32457110,0
20170217,2306.78,2311.18,2289.02,2291.22,23038486528.0,32536860,0
20170220,2291.85,2322.45,2291.43,2322.21,24831354880.0,33346683,0
20170221,2321.72,2329.33,2319.27,2329.23,19931119616.0,26613761,0
20170222,2328.97,2333.21,2320.4,2331.76,19685740544.0,25756436,0
20170223,2329.66,2331.69,2314.31,2323.73,20190939136.0,25591752,0
20170224,2319.87,2351.59,2316.95,2345.77,25072293888.0,32510190,0
20170227,2342.62,2345.22,2324.09,2326.27,23743025152.0,28706596,0
20170228,2325.19,2338.4,2321.06,2338.23,18626471936.0,21219987,0
20170301,2336.04,2357.44,2333.37,2346.62,25861464064.0,29566537,0
20170302,2345.04,2350.3,2331.52,2333.08,19621388288.0,22987564,0
20170303,2326.71,2330.23,2316.78,2329.74,16458224640.0,19887388,0
20170306,2329.89,2341.05,2328.55,2340.69,17345202176.0,22516091,0
20170307,2343.5,2345.38,2334.07,2338.73,23099303936.0,27347147,0
20170308,2337.13,2347.27,2331.92,2344.42,25793542144.0,32076596,0
20170309,2339.87,2340.12,2319.74,2328.89,21135486976.0,26400615,0
20170310,2327.06,2331.15,2313.29,2316.35,16860511232.0,20610785,0
20170313,2314.12,2331.3,2300.84,2331.07,21326020608.0,25166335,0
20170314,2328.14,2333.08,2320.86,2326.33,16415384576.0,19223953,0
20170315,2326.34,2334.54,2322.49,2331.95,19686107136.0,23685834,0
20170316,2334.54,2348.5,2334.54,2348.35,21139531776.0,24931155,0
20170317,2349.85,2354.31,2329.09,2332.43,23023433728.0,27278020,0
20170320,2336.53,2341.97,2323.6,2340.62,18385412096.0,21849019,0
20170321,2337.88,2344.34,2334.51,2344.26,15003597824.0,18180897,0
20170322,2331.96,2336.04,2317.91,2333.28,19606454272.0,23789901,0
20170323,2333.96,2343.44,2316.27,2333.53,20820871168.0,24850090,0
20170324,2335.7,2355.09,2330.42,2351.1,23672219648.0,30573878,0
20170327,2356.78,2364.3,2349.72,2351.51,22066817024.0,28913301,0
20170328,2352.2,2352.2,2331.97,2337.7,21909786624.0,26440528,0
20170329,2339.32,2365.93,2328.58,2347.78,30563020800.0,43213882,0
20170330,2345.04,2354.23,2318.75,2332.33,34754101248.0,52078728,0
20170331,2326.66,2333.86,2318.25,2327.1,23339558912.0,35393291,0
20170405,2351.8,2369.43,2342.9,2369.41,27440861184.0,34376094,0
20170406,2377.37,2394.85,2371.05,2388.18,31304112128.0,43414235,0
20170407,2386.68,2413.71,2383.71,2408.88,35417935872.0,42292156,0
20170410,2412.09,2436.47,2405.24,2424.33,36270645248.0,38451439,0
20170411,2425.07,2450.44,2408.59,2448.36,41066917888.0,46358580,0
20170412,2448.99,2464.01,2440.07,2452.08,46418354176.0,53764661,0
20170413,2444.49,2479.61,2442.75,2476.5,43588538368.0,52880593,0
20170414,2479.79,2480.85,2439.57,2442.9,31071928320.0,38671547,0
20170417,2430.71,2432.68,2404.88,2418.04,26303997952.0,31488713,0
20170418,2410.45,2425.11,2394.93,2395.12,26417238016.0,31770863,0
20170419,2384.02,2388.2,2354.07,2377.65,29148037120.0,34950023,0
20170420,2376.54,2383.76,2350.64,2365.99,25343528960.0,30611438,0
20170421,2362.91,2375.3,2353.76,2366.56,22288111616.0,26385118,0
20170424,2364.31,2365.52,2313.95,2330.35,23640596480.0,30053406,0
20170425,2325.31,2349.88,2319.47,2327.89,22045501440.0,27383714,0
20170426,2324.72,2339.27,2319.01,2333.94,24544102400.0,28809150,0
20170427,2325.15,2343.56,2291.6,2336.67,33542307840.0,40884083,0
20170428,2327.16,2345.6,2326.2,2342.47,22763161600.0,26417947,0
20170502,2336.28,2347.7,2334.36,2347.34,23927355392.0,27002681,0
20170503,2342.51,2347.71,2327.96,2332.97,24174174208.0,27823684,0
20170504,2325.5,2350.95,2316.32,2330.7,27166830592.0,30210547,0
20170505,2324.86,2328.43,2308.57,2310.01,21246083072.0,24733467,0
20170508,2303.7,2306.41,2282.94,2283.84,21473961984.0,26237191,0
20170509,2276.74,2298.99,2273.83,2292.98,16184003584.0,21153064,0
20170510,2293.36,2294.9,2249.26,2250.14,17521897472.0,22292723,0
20170511,2239.43,2258.85,2213.42,2254.92,22193664000.0,29994997,0
20170512,2248.48,2272.94,2242.03,2262.15,18682298368.0,24120494,0
20170515,2264.96,2277.97,2264.85,2274.22,16519659520.0,20772451,0
20170516,2273.09,2313.73,2261.7,2313.59,22786867200.0,27471151,0
20170517,2312.1,2322.51,2307.69,2310.24,23330613248.0,28209495,0
20170518,2294.11,2307.14,2287.72,2296.3,18693271552.0,22573467,0
20170519,2290.67,2303.04,2290.6,2303.04,15561505792.0,19267902,0
20170522,2299.46,2300.58,2270.14,2286.76,17458384896.0,21848624,0
20170523,2279.07,2280.99,2249.96,2261.62,19096057856.0,23244472,0
20170524,2250.94,2267.93,2231.0,2267.85,14641974272.0,18171995,0
20170525,2261.91,2285.79,2247.69,2281.1,16644250624.0,21304853,0
20170526,2279.72,2297.34,2279.45,2286.46,16453571584.0,21355385,0
20170531,2298.55,2302.53,2282.32,2294.15,15945788416.0,19240387,0
20170601,2288.17,2290.6,2275.76,2276.5,17677821952.0,21456565,0
20170602,2270.21,2288.25,2265.11,2285.86,14543624192.0,18713178,0
20170605,2288.28,2297.32,2285.08,2288.81,12910663680.0,15587462,0
20170606,2286.87,2292.36,2279.54,2291.83,13093308416.0,15399281,0
20170607,2289.3,2317.87,2287.0,2317.52,20608114688.0,24581955,0
20170608,2317.02,2327.16,2315.71,2324.9,18414704640.0,22070568,0
20170609,2323.66,2328.84,2317.74,2326.54,17071652864.0,20249345,0
20170612,2321.39,2331.19,2313.28,2315.67,15923379200.0,18648950,0
20170613,2310.95,2324.37,2310.23,2324.05,12588118016.0,14595612,0
20170614,2325.26,2328.45,2306.11,2309.94,14610107392.0,17725252,0
20170615,2309.38,2316.35,2300.79,2310.13,14984062976.0,19080694,0
20170616,2307.28,2313.97,2305.14,2306.78,13568509952.0,16009744,0
20170619,2305.18,2318.86,2305.18,2318.63,13140612096.0,15170104,0
20170620,2319.63,2321.16,2310.09,2314.06,13923664896.0,16386180,0
20170621,2320.99,2324.27,2310.09,2323.61,13340598272.0,15154125,0
20170622,2324.15,2335.21,2310.25,2310.97,18102581248.0,22155636,0
20170623,2304.87,2310.15,2284.88,2310.05,14271410176.0,17718514,0
20170626,2309.28,2326.88,2307.96,2326.57,15392704512.0,18016148,0
20170627,2326.7,2333.02,2322.92,2332.16,13782421504.0,15619718,0
20170628,2328.98,2328.98,2316.97,2319.54,13252109312.0,15485431,0
20170629,2315.99,2323.86,2314.4,2322.91,11423609856.0,13325818,0
20170630,2314.53,2327.96,2311.07,2327.96,11979143168.0,13840770,0
20170703,2327.88,2337.04,2322.9,2336.77,14581006336.0,15600411,0
20170704,2331.77,2331.77,2320.76,2326.02,13635686400.0,14551574,0
20170705,2324.16,2333.59,2320.46,2333.2,13090935808.0,14934277,0
20170706,2333.53,2339.38,2320.68,2333.95,15962932224.0,19211101,0
20170707,2331.84,2340.93,2326.28,2339.81,14936901632.0,17945905,0
20170710,2338.74,2338.74,2328.45,2331.24,15250271232.0,18160748,0
20170711,2328.55,2333.03,2318.54,2319.19,13711558656.0,17142020,0
20170712,2317.68,2320.44,2290.26,2305.87,14024630272.0,17398618,0
20170713,2305.17,2312.91,2300.39,2311.21,11812303872.0,14476112,0
20170714,2300.94,2308.51,2296.81,2306.23,13170296832.0,15235725,0
20170717,2306.08,2306.99,2239.47,2252.88,21666785280.0,27521032,0
20170718,2246.04,2265.37,2242.41,2265.0,13757335552.0,17116457,0
20170719,2262.56,2290.62,2259.71,2289.56,19446994944.0,25545727,0
20170720,2287.66,2304.24,2285.48,2303.16,17038033920.0,22277170,0
20170721,2296.85,2308.31,2294.25,2302.24,15837362176.0,20721652,0
20170724,2300.37,2321.12,2298.73,2316.01,17898735616.0,24021181,0
20170725,2314.66,2318.63,2294.0,2300.3,14785844224.0,19528337,0
20170726,2301.05,2307.52,2287.66,2298.37,14957259776.0,19226711,0
20170727,2296.76,2318.95,2292.75,2317.19,19403008000.0,25347695,0
20170728,2311.83,2323.64,2310.83,2319.35,15219269632.0,19954933,0
20170731,2317.24,2332.32,2313.95,2326.3,16572598272.0,21286250,0
20170801,2326.24,2335.64,2325.57,2334.51,18985576448.0,23915305,0
20170802,2333.26,2337.11,2324.4,2325.69,19518412800.0,25544574,0
20170803,2322.99,2332.96,2320.63,2328.83,17608847360.0,22374145,0
20170804,2327.36,2334.36,2318.44,2318.91,19670831104.0,25715102,0
20170807,2314.54,2331.56,2310.95,2330.42,16314145792.0,21239083,0
20170808,2331.57,2341.14,2329.95,2337.95,19294382080.0,23536343,0
20170809,2336.69,2337.91,2329.72,2335.33,18512947200.0,21062745,0
20170810,2337.16,2349.7,2318.66,2337.64,24400859136.0,29149293,0
20170811,2325.0,2330.7,2308.51,2309.84,22245509120.0,26940259,0
20170814,2312.71,2329.79,2312.71,2328.05,18803296256.0,21166542,0
20170815,2328.57,2333.42,2325.11,2331.69,18501877760.0,20822429,0
20170816,2331.7,2341.86,2325.39,2340.3,16890316800.0,18902205,0
20170817,2344.55,2364.04,2344.55,2362.69,23969589248.0,28776479,0
20170818,2352.22,2374.45,2347.66,2368.61,22348423168.0,26556853,0
20170821,2384.45,2392.49,2377.9,2385.41,21600907264.0,24601671,0
20170822,2396.24,2396.89,2376.13,2383.08,23956899840.0,27922522,0
20170823,2380.36,2382.4,2366.91,2368.93,24799901696.0,27893053,0
20170824,2364.89,2367.52,2339.75,2343.68,24060266496.0,26772724,0
20170825,2341.64,2363.24,2340.4,2360.93,19342409728.0,22491740,0
20170828,2362.91,2385.34,2362.25,2379.33,24892839936.0,28565119,0
20170829,2383.09,2391.25,2380.26,2386.99,24397514752.0,27811156,0
20170830,2387.86,2394.33,2383.21,2385.56,26147829760.0,30060862,0
20170831,2382.87,2386.08,2369.77,2378.53,23564607488.0,27012731,0
20170901,2387.19,2391.32,2379.35,2386.35,24762800128.0,28341997,0
20170904,2387.46,2393.17,2378.13,2388.73,29656842240.0,38266082,0
20170905,2389.76,2390.7,2376.54,2379.74,22765414400.0,27912065,0
20170906,2376.2,2382.43,2368.89,2380.91,23002187776.0,26968573,0
20170907,2379.5,2385.72,2374.42,2376.81,21563815936.0,24607081,0
20170908,2379.15,2391.96,2379.09,2386.9,22169083904.0,25095256,0
20170911,2384.63,2392.45,2380.2,2385.51,23398909952.0,28233605,0
20170912,2388.49,2388.97,2373.49,2379.48,26317324288.0,31890636,0
20170913,2376.79,2376.99,2367.32,2375.98,17156420608.0,20246139,0
20170914,2375.93,2376.84,2365.73,2374.3,19457062912.0,23766971,0
20170915,2371.24,2371.74,2360.2,2367.27,20345827328.0,23669354,0
20170918,2364.17,2367.46,2355.53,2363.66,19019083776.0,21874068,0
20170919,2363.28,2365.45,2350.06,2354.18,17783160832.0,20346251,0
20170920,2352.17,2358.75,2346.84,2356.99,16990092288.0,19285329,0
20170921,2358.11,2361.75,2341.94,2342.04,20784889856.0,24633306,0
20170922,2339.03,2339.03,2323.75,2332.65,15301402624.0,18551707,0
20170925,2330.05,2330.19,2313.16,2317.43,15593441280.0,18638730,0
20170926,2314.72,2321.47,2311.38,2320.93,10631426048.0,12882575,0
20170927,2319.0,2326.64,2318.42,2323.25,11554821120.0,13662312,0
20170928,2323.63,2324.32,2312.41,2314.84,12634500096.0,14910265,0
20170929,2315.59,2325.27,2314.77,2317.61,11511666688.0,14324073,0
20171009,2336.97,2341.81,2332.33,2335.42,16243875840.0,19106244,0
20171010,2335.14,2349.5,2332.38,2349.21,16009535488.0,17288783,0
20171011,2351.22,2354.84,2344.41,2352.4,19169153024.0,21314564,0
20171012,2349.82,2353.46,2338.08,2347.89,16221283328.0,18430130,0
20171013,2346.31,2360.55,2345.35,2358.7,15916106752.0,17037196,0
20171016,2357.87,2359.38,2335.15,2335.28,16904588288.0,18825497,0
20171017,2333.05,2342.52,2331.42,2334.68,11553629184.0,12826687,0
20171018,2334.55,2347.97,2333.6,2340.85,15002596352.0,16681018,0
20171019,2337.16,2341.16,2321.52,2325.66,15844006912.0,19436683,0
20171020,2332.43,2352.72,2332.43,2351.75,15965710336.0,19567869,0
20171023,2356.98,2359.69,2351.92,2358.51,18797318144.0,20422714,0
20171024,2354.68,2361.95,2346.74,2361.48,17598197760.0,19157894,0
20171025,2359.42,2366.71,2357.4,2365.49,14928964608.0,15233496,0
20171026,2362.09,2369.05,2356.34,2365.23,18323001344.0,20254070,0
20171027,2365.93,2375.76,2364.64,2369.11,21430675456.0,25407968,0
20171030,2370.47,2375.08,2328.04,2355.81,24584544256.0,29087788,0
20171031,2349.37,2371.25,2344.99,2369.82,21195212800.0,24015420,0
20171101,2367.08,2372.76,2362.22,2365.2,24928514048.0,28854240,0
20171102,2364.66,2364.94,2347.68,2355.11,20227512320.0,23446758,0
20171103,2358.71,2358.71,2322.79,2339.54,25227083776.0,27734735,0
20171106,2332.44,2346.08,2322.31,2345.52,18515599360.0,19369243,0
20171107,2349.26,2368.54,2348.03,2367.57,27575089152.0,29432120,0
20171108,2368.18,2394.64,2365.21,2383.74,30217807872.0,30978510,0
20171109,2382.21,2388.58,2375.93,2388.27,25713258496.0,27206232,0
20171110,2384.06,2394.03,2380.08,2391.05,23781449728.0,25358669,0
20171113,2394.42,2397.9,2384.46,2387.65,23795466240.0,24730061,0
20171114,2383.89,2383.94,2366.26,2377.63,26232483840.0,29183835,0
20171115,2369.27,2377.54,2362.56,2367.19,20725516288.0,22959841,0
20171116,2360.47,2367.63,2352.13,2355.87,17867948032.0,20590467,0
20171117,2355.45,2361.97,2332.98,2339.63,31168307200.0,36596789,0
20171120,2326.44,2345.39,2307.38,2344.61,20115668992.0,23817411,0
20171121,2340.65,2355.02,2337.9,2351.68,21610582016.0,24524805,0
20171122,2354.48,2371.78,2350.99,2369.06,23884732416.0,27648092,0
20171123,2366.26,2369.4,2313.82,2318.76,24706863104.0,28628968,0
20171124,2311.65,2331.19,2304.94,2321.99,19089950720.0,22441715,0
20171127,2314.68,2314.9,2283.11,2288.3,19293136896.0,22974521,0
20171128,2284.08,2297.71,2278.3,2297.59,13278143488.0,16220627,0
20171129,2295.39,2298.96,2278.79,2298.79,15282959360.0,18275519,0
20171130,2294.17,2300.74,2271.14,2279.97,14623643648.0,17313717,0
20171201,2276.34,2287.3,2270.45,2285.24,12291900416.0,14458264,0
20171204,2281.84,2298.96,2276.12,2285.29,14396369920.0,17623006,0
20171205,2281.0,2287.18,2271.12,2276.17,17851330560.0,21228655,0
20171206,2270.14,2272.28,2247.16,2269.39,13241805824.0,15800516,0
20171207,2264.78,2272.14,2257.09,2265.13,12420458496.0,14892854,0
20171208,2260.51,2277.25,2256.5,2270.03,11530969088.0,14064127,0
20171211,2270.87,2286.45,2270.58,2286.04,11821975552.0,14299854,0
20171212,2283.65,2284.36,2258.92,2259.34,12354493440.0,14796855,0
20171213,2258.81,2283.3,2257.95,2283.3,11931381760.0,13820075,0
20171214,2281.54,2284.34,2274.23,2282.43,11919690752.0,14373249,0
20171215,2279.32,2279.32,2257.79,2268.5,13457995776.0,16577179,0
20171218,2268.18,2272.88,2245.83,2257.81,10801428480.0,13088690,0
20171219,2255.1,2273.37,2254.91,2272.3,11868872704.0,13156365,0
20171220,2272.52,2280.12,2261.55,2266.83,15372087296.0,18515083,0
20171221,2264.67,2283.85,2255.19,2277.04,14950441984.0,17705675,0
20171222,2275.99,2280.65,2270.77,2273.62,12329230336.0,14534958,0
20171225,2270.84,2280.3,2246.5,2251.39,14452812800.0,17324336,0
20171226,2250.22,2270.28,2247.23,2269.88,14775902208.0,16862584,0
20171227,2264.53,2264.6,2241.88,2245.09,14419386368.0,16478906,0
20171228,2242.85,2258.58,2239.99,2251.53,13779446784.0,16889380,0
20171229,2252.35,2262.81,2251.21,2262.39,12024662016.0,14018114,0
20180102,2267.61,2273.8,2264.1,2273.53,18447529984.0,21003456,0
20180103,2275.77,2314.98,2271.97,2311.74,26605697024.0,30925368,0
20180104,2309.9,2310.59,2298.39,2309.77,22901102592.0,26886079,0
20180105,2307.92,2321.26,2301.01,2310.61,22766610432.0,26631703,0
20180108,2318.37,2323.6,2305.34,2321.3,25103837184.0,28395905,0
20180109,2317.53,2321.95,2310.9,2315.5,19091560448.0,21510570,0
20180110,2311.86,2314.17,2287.15,2300.54,18257623040.0,21084944,0
20180111,2298.37,2304.11,2289.23,2302.76,14429429760.0,16813312,0
20180112,2300.92,2303.02,2291.65,2292.54,13942339584.0,16088578,0
20180115,2290.03,2290.27,2257.26,2261.99,18708568064.0,21641623,0
20180116,2260.24,2265.49,2254.07,2264.26,18146144256.0,19739509,0
20180117,2263.87,2276.74,2253.4,2273.08,22106062848.0,26596195,0
20180118,2270.36,2276.52,2265.51,2274.77,16317301760.0,19310852,0
20180119,2275.99,2287.31,2271.59,2278.42,18717784064.0,22207002,0
20180122,2279.04,2297.2,2273.95,2294.58,18777147392.0,21469378,0
20180123,2294.8,2305.01,2291.01,2304.65,19143403520.0,21412738,0
20180124,2304.85,2318.74,2298.61,2318.7,22123071488.0,25655561,0
20180125,2316.6,2342.78,2313.4,2330.34,28738459648.0,33291321,0
20180126,2326.88,2343.74,2325.53,2337.75,24191492096.0,26582450,0
20180129,2339.48,2350.02,2316.4,2321.49,22757193728.0,25673946,0
20180130,2316.46,2325.91,2305.25,2311.13,18431234048.0,20803464,0
20180131,2295.92,2295.94,2269.98,2277.0,19115591680.0,22569010,0
20180201,2276.16,2283.52,2235.57,2239.37,23374012416.0,27772686,0
20180202,2226.3,2240.76,2203.94,2239.62,17559922688.0,20285787,0
20180205,2216.56,2255.08,2208.69,2250.94,18271662080.0,20213639,0
20180206,2215.73,2227.36,2179.52,2181.8,24135516160.0,28322072,0
20180207,2208.42,2215.34,2151.84,2174.44,20487948288.0,23348153,0
20180208,2165.04,2186.14,2148.14,2165.71,14704854016.0,16846120,0
20180209,2120.24,2120.24,2046.32,2084.45,20483504128.0,26402981,0
20180212,2084.98,2111.02,2084.82,2104.33,12931164160.0,15261847,0
20180213,2116.78,2134.83,2110.26,2112.77,11435189248.0,13543420,0
20180214,2114.97,2118.96,2103.5,2115.51,7549363712.0,8954050,0
20180222,2133.6,2164.69,2133.58,2163.61,14164808704.0,16097318,0
20180223,2167.96,2180.23,2162.02,2175.46,13021849600.0,15982152,0
20180226,2187.85,2216.92,2182.24,2215.97,17402064896.0,20901031,0
20180227,2216.23,2218.99,2207.11,2212.95,15710128128.0,17965484,0
20180228,2199.76,2211.32,2188.95,2203.14,12390970368.0,13801137,0
20180301,2191.32,2210.18,2187.06,2208.5,12116742144.0,14002767,0
20180302,2197.14,2218.58,2192.67,2216.56,14056881152.0,16414036,0
20180305,2216.7,2222.68,2209.81,2222.55,11699979264.0,14023983,0
20180306,2222.47,2232.84,2214.96,2231.54,15280719872.0,19367874,0
20180307,2230.71,2237.69,2215.94,2219.82,14497289216.0,18903689,0
20180308,2219.04,2244.62,2218.94,2242.92,15043793920.0,19900641,0
20180309,2246.77,2259.57,2239.1,2257.85,17191503872.0,20904657,0
20180312,2262.39,2272.75,2259.38,2270.84,19058208768.0,21522224,0
20180313,2269.08,2270.07,2254.63,2256.55,14753484800.0,17761564,0
20180314,2250.61,2252.27,2235.63,2237.93,12257136640.0,14918303,0
20180315,2229.52,2239.64,2225.18,2236.57,12014446592.0,14823256,0
20180316,2237.2,2246.42,2228.68,2229.11,12350707712.0,15075678,0
20180319,2227.94,2230.91,2215.67,2222.55,12948055040.0,15524520,0
20180320,2207.19,2223.1,2201.94,2220.79,11700352000.0,14758351,0
20180321,2220.86,2234.47,2206.8,2212.77,12871786496.0,15880317,0
20180322,2212.03,2217.62,2193.17,2202.62,12075255808.0,15013778,0
20180323,2151.26,2158.65,2104.49,2136.18,22862876672.0,31113159,0
20180326,2110.07,2138.75,2092.4,2138.52,14324227072.0,18055667,0
20180327,2154.98,2174.19,2154.36,2169.29,15440380928.0,19006499,0
20180328,2147.35,2165.69,2143.44,2148.14,15113600000.0,18019226,0
20180329,2154.54,2164.46,2137.76,2156.79,15195652096.0,17464441,0
20180330,2161.79,2174.13,2161.79,2172.12,13938199552.0,15759133,0
20180402,2174.2,2180.59,2162.36,2164.52,13652312064.0,16627199,0
20180403,2144.41,2151.13,2137.5,2146.07,12797528064.0,15324572,0
20180404,2151.57,2156.85,2132.33,2133.44,11294312448.0,13195060,0
20180409,2127.94,2137.42,2116.65,2132.75,11851627520.0,14473390,0
20180410,2135.52,2156.97,2130.12,2156.87,13439272960.0,16235242,0
20180411,2160.79,2170.52,2158.01,2164.07,12402795520.0,14976547,0
20180412,2161.37,2162.0,2142.88,2145.27,9573082112.0,11504800,0
20180413,2151.47,2156.96,2133.69,2135.3,8698380288.0,10526351,0
20180416,2130.63,2133.77,2106.24,2114.37,10405370880.0,13309091,0
20180417,2116.09,2120.96,2087.98,2089.2,9874706432.0,12560758,0
20180418,2100.31,2103.73,2067.85,2095.67,9807818752.0,12363468,0
20180419,2095.93,2106.91,2091.5,2102.34,9606837248.0,11825754,0
20180420,2097.32,2103.26,2071.0,2073.38,11776995328.0,14936936,0
20180423,2073.92,2088.74,2069.69,2080.44,11000217600.0,15411527,0
20180424,2079.66,2112.28,2079.66,2110.36,11604941824.0,15506791,0
20180425,2106.31,2121.45,2103.94,2117.23,11730185216.0,14815511,0
20180426,2117.72,2122.03,2095.67,2097.11,10956815360.0,14181857,0
20180427,2105.2,2121.41,2102.69,2121.24,11913039872.0,13825389,0
20180502,2124.71,2135.12,2112.61,2122.15,12244363264.0,14493043,0
20180503,2119.78,2136.97,2103.45,2134.02,12259010560.0,15404602,0
20180504,2130.0,2144.05,2129.15,2139.76,10522648576.0,13354805,0
20180507,2141.23,2154.71,2137.23,2154.53,12104663040.0,14426365,0
20180508,2151.78,2164.52,2148.88,2161.18,11907248128.0,14425286,0
20180509,2158.55,2162.74,2153.17,2160.04,10096553984.0,12324883,0
20180510,2161.2,2169.88,2156.28,2168.73,11894201344.0,13836769,0
20180511,2169.9,2169.9,2149.19,2149.94,10466422784.0,11470949,0
20180514,2152.02,2162.61,2151.86,2158.96,11288739840.0,12533727,0
20180515,2161.88,2176.24,2156.5,2175.87,9733111808.0,11787937,0
20180516,2172.38,2183.41,2167.4,2172.3,10722491392.0,12683847,0
20180517,2170.68,2172.69,2154.84,2156.96,10073054208.0,11464012,0
20180518,2153.83,2171.46,2144.76,2171.46,10934117376.0,13003383,0
20180521,2186.75,2201.95,2186.72,2192.46,16211189760.0,19992843,0
20180522,2190.94,2196.14,2185.16,2195.82,13393720320.0,15719655,0
20180523,2194.03,2201.15,2186.41,2187.3,14400598016.0,19017032,0
20180524,2184.7,2189.41,2176.68,2178.82,12201181184.0,15054691,0
20180525,2178.35,2179.24,2159.65,2168.49,12317721600.0,14642418,0
20180528,2170.69,2176.41,2157.32,2164.8,10972917760.0,12779458,0
20180529,2161.14,2168.43,2156.08,2158.3,12180895744.0,13232861,0
20180530,2134.23,2134.37,2104.33,2105.74,12657003520.0,16032228,0
20180531,2114.35,2141.39,2114.35,2139.68,12179916800.0,14318346,0
20180601,2132.66,2143.83,2115.49,2124.07,10085214208.0,11825179,0
20180604,2128.68,2136.69,2124.14,2134.19,10081960960.0,11714847,0
20180605,2139.94,2149.2,2131.18,2148.95,10342341632.0,11987577,0
20180606,2146.2,2161.01,2141.74,2160.74,11675831296.0,12622946,0
20180607,2160.67,2162.26,2142.69,2146.17,10145041408.0,11700601,0
20180608,2140.99,2141.18,2106.76,2117.63,10758011904.0,13567635,0
20180611,2111.34,2115.3,2102.17,2111.18,8432636416.0,10392732,0
20180612,2112.41,2142.49,2112.09,2141.06,11459307520.0,12523962,0
20180613,2136.38,2139.96,2125.08,2127.03,9584795648.0,10844746,0
20180614,2122.78,2140.59,2119.25,2123.65,9041961984.0,10401401,0
20180615,2124.39,2133.02,2097.6,2110.09,10071584768.0,12184688,0
20180619,2079.95,2079.95,1998.46,2022.89,18478376960.0,24776988,0
20180620,2004.15,2027.67,1991.35,2019.28,11287839744.0,14689138,0
20180621,2020.46,2035.1,1991.72,1993.8,11864218624.0,14920835,0
20180622,1976.51,1993.37,1962.35,1990.88,9330866176.0,11855172,0
20180625,1997.1,2000.92,1972.72,1972.92,11352745984.0,13511581,0
20180626,1952.2,1964.72,1933.75,1956.63,9829922816.0,12698342,0
20180627,1955.33,1959.84,1927.22,1937.77,9674280960.0,12721704,0
20180628,1922.16,1934.14,1907.55,1910.92,8860827648.0,11912504,0
20180629,1911.74,1943.57,1910.28,1942.4,8886656000.0,12301197,0
20180702,1939.34,1948.9,1904.73,1914.56,10130439168.0,13245896,0
20180703,1914.49,1919.45,1877.16,1917.22,12633931776.0,16000414,0
20180704,1915.12,1927.63,1911.52,1917.94,9924691968.0,12597789,0
20180705,1915.83,1925.15,1894.2,1898.41,10339688448.0,13466463,0
20180706,1894.39,1907.01,1861.31,1888.05,9931146240.0,13196583,0
20180709,1891.72,1920.68,1891.18,1920.22,8808629248.0,11481896,0
20180710,1922.12,1937.06,1918.98,1936.76,8792039424.0,11207102,0
20180711,1913.35,1913.35,1881.62,1899.07,9333597184.0,12567975,0
20180712,1897.16,1940.3,1897.16,1936.61,11173704704.0,14898466,0
20180713,1936.59,1944.05,1934.58,1940.5,8831819776.0,10540833,0
20180716,1938.25,1943.51,1929.11,1938.81,9189276672.0,11302106,0
20180717,1935.98,1938.35,1918.75,1933.28,7541078528.0,9458907,0
20180718,1932.01,1957.82,1932.01,1941.44,10938727424.0,15896602,0
20180719,1940.24,1947.67,1920.73,1926.68,10855510016.0,14250167,0
20180720,1918.23,1944.42,1909.19,1939.86,11266855936.0,16223024,0
20180723,1924.57,1953.54,1922.18,1953.36,14642428928.0,20062227,0
20180724,1948.17,1976.18,1946.3,1971.98,17818263552.0,27144337,0
20180725,1969.89,1971.65,1960.4,1967.53,12343382016.0,18694602,0
20180726,1971.71,1982.4,1967.46,1972.7,14069782528.0,22657883,0
20180727,1967.24,1970.08,1954.42,1956.48,10217165824.0,16577758,0
20180730,1954.66,1966.55,1943.71,1950.52,10676358144.0,15549303,0
20180731,1951.39,1961.65,1948.51,1954.47,8084625408.0,10637744,0
20180801,1960.8,1971.83,1936.26,1936.74,10816595968.0,15822396,0
20180802,1931.09,1932.56,1874.96,1902.54,12249600000.0,18858101,0
20180803,1898.14,1906.0,1883.67,1883.68,10193300480.0,14497047,0
20180806,1880.18,1886.87,1844.84,1851.3,10236734464.0,13713792,0
20180807,1850.16,1890.21,1841.1,1890.2,10655822848.0,15916684,0
20180808,1883.92,1898.51,1873.18,1875.05,10689059840.0,15632679,0
20180809,1867.74,1911.79,1866.06,1905.13,11372221440.0,16660745,0
20180810,1901.46,1911.43,1891.94,1902.03,9690318848.0,15012183,0
20180813,1882.81,1902.74,1872.32,1900.51,9592279040.0,14275307,0
20180814,1899.31,1901.67,1885.89,1895.62,8488552960.0,12255207,0
20180815,1893.25,1896.02,1858.31,1858.34,8748844032.0,13006782,0
20180816,1844.44,1870.2,1831.24,1851.35,11392571392.0,17496892,0
20180817,1860.88,1865.81,1819.46,1822.01,9812584448.0,14227478,0
20180820,1821.79,1832.59,1804.32,1832.59,10476677120.0,14284401,0
20180821,1833.15,1861.1,1829.75,1859.72,10322695168.0,14086364,0
20180822,1854.98,1854.98,1837.36,1841.24,6878646784.0,9568712,0
20180823,1838.25,1849.59,1827.14,1842.77,7136454656.0,10104327,0
20180824,1837.09,1849.01,1829.09,1839.92,5805475840.0,8726564,0
20180827,1846.11,1872.2,1845.14,1872.2,10463268864.0,14614706,0
20180828,1872.96,1877.45,1867.94,1872.22,8781058048.0,12095177,0
20180829,1867.4,1868.38,1851.19,1853.53,7481306624.0,10936077,0
20180830,1851.32,1857.51,1838.97,1840.71,6903181312.0,10511969,0
20180831,1838.1,1840.76,1819.29,1825.98,7754696704.0,11935104,0
20180903,1820.83,1821.43,1799.55,1816.41,7399107072.0,11568858,0
20180904,1815.86,1833.22,1810.67,1829.37,7500685312.0,10986093,0
20180905,1829.46,1831.69,1807.53,1808.2,7593444864.0,11757022,0
20180906,1804.35,1818.76,1796.56,1800.9,8438451712.0,12914067,0
20180907,1802.19,1820.72,1793.23,1804.28,8793821184.0,12878352,0
20180910,1801.64,1804.29,1779.1,1779.91,8247331328.0,11998457,0
20180911,1778.82,1789.42,1770.67,1781.82,7058686464.0,10267014,0
20180912,1777.59,1786.14,1769.35,1773.26,7089862144.0,9696767,0
20180913,1784.14,1791.29,1766.67,1785.93,9351774208.0,12282233,0
20180914,1787.21,1793.46,1780.71,1785.46,8050619904.0,11218564,0
20180917,1779.71,1779.83,1767.01,1769.86,7267270144.0,10818126,0
20180918,1765.64,1797.14,1765.64,1796.91,8327464960.0,12333940,0
20180919,1792.89,1823.7,1790.51,1814.33,11217812480.0,16706171,0
20180920,1813.69,1817.35,1807.33,1812.14,7576633856.0,11316574,0
20180921,1815.82,1847.34,1810.16,1846.94,12273290240.0,18782530,0
20180925,1832.01,1844.47,1829.34,1839.78,8331000832.0,12390369,0
20180926,1840.17,1859.07,1838.5,1847.94,10646265856.0,14929303,0
20180927,1849.02,1853.83,1839.37,1840.29,8617708544.0,12441232,0
20180928,1842.7,1856.56,1840.57,1856.34,8083742208.0,11865386,0
20181008,1824.9,1829.09,1795.27,1799.34,10810493952.0,15674645,0
20181009,1798.81,1807.16,1784.7,1789.27,8809188352.0,12276427,0
20181010,1791.57,1798.6,1776.2,1788.21,7797570048.0,10053795,0
20181011,1744.58,1746.51,1669.41,1681.45,14055873536.0,22292273,0
20181012,1675.24,1688.57,1640.23,1678.64,11136331776.0,19461773,0
20181015,1679.39,1690.4,1655.46,1656.72,7691477504.0,12690403,0
20181016,1656.45,1667.03,1633.42,1638.14,7898525696.0,11922267,0
20181017,1656.24,1663.87,1633.26,1656.44,9147440128.0,16445357,0
20181018,1650.66,1650.66,1610.05,1610.05,8919018496.0,14758338,0
20181019,1594.47,1650.05,1590.16,1649.44,9389181952.0,15200164,0
20181022,1659.61,1732.31,1659.61,1720.37,13556338688.0,21901644,0
20181023,1718.79,1721.72,1679.02,1686.19,11259154432.0,18047062,0
20181024,1680.47,1703.02,1674.1,1684.19,8781598720.0,14264491,0
20181025,1646.67,1681.7,1637.35,1678.35,8616873984.0,14664602,0
20181026,1684.75,1694.34,1672.78,1681.32,8261304320.0,13500519,0
20181029,1680.66,1681.47,1645.26,1652.26,7590273536.0,11842461,0
20181030,1652.13,1677.79,1643.93,1668.98,8999305216.0,14570557,0
20181031,1671.72,1700.76,1671.66,1693.58,10045787136.0,15993021,0
20181101,1701.45,1720.62,1698.79,1702.15,11975252992.0,19213536,0
20181102,1737.04,1754.98,1728.59,1754.98,16940234752.0,25414394,0
20181105,1752.49,1758.76,1734.53,1749.22,13370139648.0,21128922,0
20181106,1748.33,1748.33,1735.04,1745.76,9917304832.0,15387370,0
20181107,1748.84,1759.39,1734.6,1735.97,11891484672.0,20204692,0
20181108,1747.42,1749.38,1726.48,1727.44,9161631744.0,16461086,0
20181109,1722.4,1724.44,1707.01,1709.82,8337817088.0,13817929,0
20181112,1710.82,1747.69,1710.36,1746.83,11066908672.0,18189103,0
20181113,1730.51,1782.33,1727.6,1774.85,16357497856.0,28311623,0
20181114,1782.36,1790.35,1765.5,1769.79,15477586944.0,27320865,0
20181115,1768.78,1794.0,1768.26,1794.0,13745752064.0,22619174,0
20181116,1795.55,1810.62,1786.89,1802.98,14974505984.0,24667107,0
20181119,1806.7,1815.6,1793.69,1815.6,15660805120.0,26164752,0
20181120,1801.86,1805.11,1767.71,1767.71,13831608320.0,23727516,0
20181121,1757.7,1780.31,1756.59,1777.47,12086643712.0,20474847,0
20181122,1780.39,1785.23,1771.06,1775.34,11271718912.0,18941691,0
20181123,1770.72,1771.59,1724.94,1727.21,12632193024.0,21860708,0
20181126,1734.21,1745.03,1728.61,1734.08,10354967552.0,16608873,0
20181127,1739.75,1742.83,1726.29,1732.11,9515538432.0,15381500,0
20181128,1732.5,1756.12,1717.37,1756.12,11487779840.0,20371039,0
20181129,1765.65,1768.52,1726.93,1726.99,11911355392.0,20995734,0
20181130,1721.18,1741.6,1716.7,1739.39,9638674432.0,16661210,0
20181203,1777.26,1792.88,1772.61,1784.95,14806986752.0,24373693,0
20181204,1782.75,1803.31,1778.24,1802.71,12519581696.0,19794322,0
20181205,1777.61,1797.01,1774.06,1788.79,11469832192.0,18440798,0
20181206,1778.72,1778.72,1750.39,1752.27,10700121088.0,16489162,0
20181207,1755.92,1762.88,1751.36,1762.37,7918891008.0,12399773,0
20181210,1749.64,1758.51,1743.88,1747.16,7897223680.0,12472760,0
20181211,1752.15,1760.16,1749.02,1755.98,7814170112.0,12417686,0
20181212,1764.98,1766.16,1756.32,1761.16,7333858304.0,11118637,0
20181213,1765.4,1790.27,1759.7,1781.99,9641795584.0,14956966,0
20181214,1778.44,1782.81,1754.24,1754.38,9722877952.0,15813777,0
20181217,1752.42,1755.85,1737.16,1750.31,8643776512.0,13951359,0
20181218,1742.72,1755.18,1731.7,1746.72,8435662336.0,14056874,0
20181219,1750.78,1752.46,1733.79,1734.24,7959036416.0,12446926,0
20181220,1730.32,1737.76,1718.81,1732.34,7780210176.0,12340983,0
20181221,1729.08,1734.8,1713.49,1722.22,8178460672.0,12582152,0
20181224,1717.69,1732.56,1715.76,1728.59,6217296384.0,10085176,0
20181225,1717.96,1726.21,1693.24,1722.56,8632902656.0,14520470,0
20181226,1720.81,1732.0,1718.64,1727.02,8061047296.0,13139830,0
20181227,1739.64,1742.48,1719.01,1720.07,8596539392.0,13799172,0
20181228,1720.9,1728.25,1712.84,1728.25,7819707392.0,12197124,0
20190102,1729.23,1731.03,1700.7,1708.06,7783809024.0,11371312,0
20190103,1705.06,1720.08,1700.09,1704.98,7591444992.0,11706426,0
20190104,1693.81,1727.58,1688.53,1727.49,9178956800.0,14612232,0
20190107,1733.87,1745.62,1728.46,1744.45,9705248768.0,15890218,0
20190108,1741.13,1751.86,1737.23,1749.49,9068602368.0,15470721,0
20190109,1750.64,1772.1,1747.22,1747.84,11148433408.0,18206704,0
20190110,1748.68,1752.2,1736.44,1738.68,9055626240.0,15195707,0
20190111,1739.95,1751.6,1733.53,1750.41,8868763648.0,14901743,0
20190114,1751.41,1751.6,1734.44,1737.31,8337412608.0,13376916,0
20190115,1737.31,1751.63,1732.03,1751.27,8976351232.0,13980986,0
20190116,1748.6,1756.55,1747.29,1753.91,9802624000.0,15171921,0
20190117,1753.06,1758.54,1744.39,1746.26,9039610880.0,15113402,0
20190118,1750.37,1766.97,1748.27,1766.08,11462589440.0,18395342,0
20190121,1767.5,1780.79,1767.5,1774.73,11132851200.0,17186729,0
20190122,1774.44,1774.44,1747.36,1750.6,9060445184.0,14799730,0
20190123,1748.89,1755.11,1743.58,1754.65,7794746880.0,12817075,0
20190124,1755.92,1760.49,1742.28,1755.28,8564532224.0,13312743,0
20190125,1756.79,1764.1,1752.3,1752.55,8706338816.0,14237615,0
20190128,1761.02,1772.83,1749.83,1755.68,9551996928.0,15065130,0
20190129,1752.81,1757.83,1730.24,1752.21,8788756480.0,14558665,0
20190130,1747.02,1750.63,1733.42,1734.33,7683689984.0,12630143,0
20190131,1734.77,1746.83,1724.47,1731.11,9137308672.0,15590217,0
20190201,1735.36,1757.61,1734.9,1757.49,8776803328.0,14166046,0
20190211,1755.1,1783.51,1754.9,1783.01,10579116032.0,17412794,0
20190212,1781.17,1798.48,1780.26,1798.48,12069228544.0,19645231,0
20190213,1799.07,1829.41,1796.48,1824.23,15588531200.0,25342808,0
20190214,1822.61,1829.41,1814.72,1822.48,12365160448.0,20728097,0
20190215,1820.68,1829.52,1810.92,1813.09,12089920512.0,20288813,0
20190218,1821.5,1853.07,1821.5,1853.07,15982627840.0,25874292,0
20190219,1862.11,1868.49,1843.47,1855.0,18540959744.0,30152298,0
20190220,1858.52,1862.61,1845.49,1862.54,16046210048.0,25955595,0
20190221,1860.48,1878.98,1847.9,1852.09,17688297472.0,28878198,0
20190222,1849.19,1883.86,1843.91,1883.86,17789739008.0,28947997,0
20190225,1905.59,1968.44,1905.44,1968.44,35800133632.0,57742396,0
20190226,1971.41,1998.52,1952.55,1966.56,36024422400.0,60426628,0
20190227,1961.45,1993.08,1956.76,1971.83,31549210624.0,52061211,0
20190228,1969.88,1980.25,1957.18,1965.23,21885954048.0,34852836,0
20190301,1973.32,1978.58,1947.97,1978.24,20614453248.0,31149829,0
20190304,1995.28,2035.34,1991.47,2005.07,35398361088.0,53265436,0
20190305,2002.47,2035.05,1997.93,2034.76,29889677312.0,44818383,0
20190306,2041.53,2068.78,2029.06,2068.78,38620508160.0,60265864,0
20190307,2065.47,2087.19,2046.93,2073.06,37342068736.0,59286652,0
20190308,2040.73,2053.01,1980.17,1981.39,37855260672.0,59647674,0
20190311,1981.48,2041.85,1981.48,2041.74,30094243840.0,46734472,0
20190312,2053.91,2100.21,2052.6,2080.74,45006274560.0,66348011,0
20190313,2076.15,2080.86,2033.33,2044.88,39330209792.0,56693919,0
20190314,2035.02,2048.53,1997.3,2012.37,29310502912.0,43458282,0
20190315,2018.35,2054.55,2017.42,2033.58,25510078464.0,36644348,0
20190318,2040.32,2074.8,2023.97,2074.78,26506403840.0,37163285,0
20190319,2080.03,2096.36,2070.82,2084.59,26789314560.0,37680164,0
20190320,2081.39,2086.56,2052.99,2082.86,26566404096.0,38570589,0
20190321,2092.68,2116.89,2086.52,2105.49,33693065216.0,48067244,0
20190322,2106.13,2124.63,2089.17,2123.56,34673192960.0,49885601,0
20190325,2091.79,2109.38,2075.81,2076.41,30152421376.0,42099121,0
20190326,2080.98,2086.65,2025.8,2030.85,26191218688.0,40509508,0
20190327,2038.6,2045.52,2020.02,2045.35,21426077696.0,32827569,0
20190328,2039.54,2060.77,2027.36,2034.16,22203095040.0,35541137,0
20190329,2032.7,2088.73,2032.12,2088.12,28135720960.0,41564165,0
20190401,2096.53,2135.73,2096.53,2132.95,35001462784.0,49916770,0
20190402,2137.56,2139.4,2116.31,2122.88,28851466240.0,40873730,0
20190403,2113.62,2163.37,2109.92,2161.29,30476781568.0,45031040,0
20190404,2204.65,2210.3,2170.13,2183.81,40480202752.0,60236976,0
20190408,2178.74,2180.39,2123.0,2140.73,35587866624.0,51324052,0
20190409,2135.91,2156.72,2125.75,2143.98,23560550400.0,32281725,0
20190410,2132.17,2154.14,2118.66,2141.48,23661518848.0,33085901,0
20190411,2144.36,2149.3,2109.93,2113.04,22508898304.0,33145568,0
20190412,2111.73,2127.72,2109.7,2125.84,20124223488.0,31038468,0
20190415,2146.7,2157.93,2110.03,2110.12,24382511104.0,35585358,0
20190416,2102.3,2142.98,2090.66,2142.98,22691786752.0,33429649,0
20190417,2142.8,2151.82,2132.96,2144.38,22073260032.0,31948131,0
20190418,2140.96,2144.46,2125.77,2129.75,20096768000.0,29598415,0
20190419,2125.51,2141.52,2111.02,2141.25,19590850560.0,28157738,0
20190422,2144.58,2148.52,2118.59,2123.88,25685723136.0,36593194,0
20190423,2125.92,2130.37,2106.54,2111.6,22385260544.0,31919421,0
20190424,2113.58,2116.77,2086.12,2112.44,19234252800.0,27839682,0
20190425,2106.66,2107.85,2059.3,2062.72,21189711872.0,30725442,0
20190426,2054.91,2066.25,2034.39,2034.39,18320334848.0,27034709,0
20190429,2041.38,2059.5,2025.53,2029.75,18496634880.0,25615214,0
20190430,2024.89,2060.66,2024.89,2055.43,15917733888.0,23767253,0
20190506,1995.9,1996.98,1918.16,1936.51,23140280320.0,35637668,0
20190507,1944.05,1962.3,1931.32,1961.04,16494046208.0,25087586,0
20190508,1931.47,1959.31,1922.81,1935.9,13505090560.0,20046743,0
20190509,1919.92,1935.61,1905.25,1906.46,11815435264.0,17540348,0
20190510,1921.89,1964.03,1896.43,1963.8,15995351040.0,25176967,0
20190513,1942.31,1957.54,1936.68,1950.2,12481960960.0,19346444,0
20190514,1927.13,1949.86,1925.7,1931.5,13662483456.0,20933315,0
20190515,1942.52,1968.75,1942.52,1963.29,13349956608.0,21154792,0
20190516,1960.99,1975.4,1954.02,1975.1,12494097408.0,18591355,0
20190517,1972.86,1973.48,1919.59,1924.43,14659362816.0,23446099,0
20190520,1921.92,1924.69,1884.61,1904.95,11488397312.0,17767369,0
20190521,1905.66,1940.76,1902.99,1931.76,10560033792.0,16548268,0
20190522,1931.98,1939.94,1921.39,1929.31,9943960576.0,15606502,0
20190523,1921.65,1923.27,1901.26,1903.23,9277703168.0,14669215,0
20190524,1903.33,1916.79,1898.64,1902.95,8673272832.0,12645097,0
20190527,1904.7,1931.07,1892.46,1926.26,10048291840.0,14814904,0
20190528,1927.5,1952.13,1925.11,1945.91,13823169536.0,19195317,0
20190529,1932.1,1946.39,1924.06,1935.18,9665398784.0,14233084,0
20190530,1927.48,1937.53,1919.29,1937.53,10677446656.0,15252083,0
20190531,1940.98,1953.34,1934.9,1943.43,10433980416.0,15555091,0
20190603,1948.22,1964.18,1938.3,1946.76,14652255232.0,21997696,0
20190604,1944.03,1950.65,1925.71,1932.4,11926944768.0,18773691,0
20190605,1944.38,1947.32,1923.07,1926.32,12034383872.0,18684073,0
20190606,1927.69,1927.69,1900.45,1903.34,12263986176.0,19223497,0
20190610,1908.95,1934.43,1901.61,1923.52,10687124480.0,15815741,0
20190611,1924.93,1971.14,1924.27,1970.35,14830288896.0,22762397,0
20190612,1965.98,1967.54,1950.37,1954.69,11115711488.0,16906922,0
20190613,1953.39,1957.83,1937.84,1949.24,10027042816.0,15849821,0
20190614,1950.06,1957.77,1921.96,1925.83,11509406720.0,17620558,0
20190617,1927.55,1938.34,1921.45,1929.73,7903988736.0,10881735,0
20190618,1930.68,1938.82,1922.02,1935.93,7185803776.0,10030009,0
20190619,1969.04,1977.93,1959.36,1961.93,13455148032.0,20429611,0
20190620,1959.64,2009.62,1956.34,2001.46,16427077632.0,23824911,0
20190621,2006.49,2019.69,2001.67,2007.66,16392117248.0,23219858,0
20190624,2006.56,2008.1,1996.76,2003.45,11421920256.0,15221190,0
20190625,2003.54,2003.54,1971.68,1990.81,11613992960.0,16165530,0
20190626,1984.96,2001.91,1980.97,1997.97,9237576704.0,11532055,0
20190627,1995.01,2011.85,1993.38,2002.18,11369629696.0,15153543,0
20190628,1999.3,1999.3,1975.97,1994.23,9848835072.0,14787488,0
20190701,2020.79,2032.97,2012.98,2028.54,15437075456.0,21379066,0
20190702,2027.27,2028.65,2018.92,2025.12,12540001280.0,15980463,0
20190703,2023.72,2023.73,2008.94,2014.58,12548707328.0,16103227,0
20190704,2016.38,2018.61,1998.65,2006.15,13328624640.0,16056695,0
20190705,2010.32,2015.75,1998.56,2013.6,10855680000.0,13841434,0
20190708,2007.13,2007.13,1953.55,1963.75,12967300096.0,18699185,0
20190709,1962.78,1967.46,1950.63,1961.14,8840504320.0,11629853,0
20190710,1965.62,1966.94,1949.42,1953.89,6907712512.0,9278768,0
20190711,1961.61,1973.31,1947.11,1954.62,6855321600.0,9437949,0
20190712,1956.15,1966.54,1948.56,1960.58,6573465088.0,8773043,0
20190715,1958.17,1978.33,1932.87,1970.8,9664606208.0,13829358,0
20190716,1969.88,1973.68,1960.42,1967.79,8106847744.0,10519048,0
20190717,1967.93,1970.11,1962.21,1966.17,7289856512.0,10272844,0
20190718,1951.57,1951.57,1939.99,1939.99,7585812480.0,10378395,0
20190719,1945.54,1970.27,1945.54,1958.52,7872434176.0,11600935,0
20190722,1962.09,1963.92,1933.32,1944.86,8932491264.0,13330955,0
20190723,1945.56,1953.5,1942.27,1953.08,7308712448.0,10161833,0
20190724,1956.63,1969.11,1955.37,1960.98,8554703872.0,12570042,0
20190725,1957.13,1966.7,1953.06,1966.7,8335839744.0,11703529,0
20190726,1963.45,1984.76,1961.06,1982.58,8993495040.0,12233528,0
20190729,1983.55,1993.19,1982.83,1986.56,8747706368.0,12177992,0
20190730,1986.72,1999.13,1985.65,1988.18,8554245120.0,12018237,0
20190731,1984.23,1984.85,1972.91,1978.85,7833513984.0,11328392,0
20190801,1972.52,1979.06,1969.34,1973.23,8627411968.0,12501598,0
20190802,1945.41,1957.39,1938.78,1955.48,11052135424.0,16117166,0
20190805,1945.65,1952.11,1918.78,1918.89,10795111424.0,14736017,0
20190806,1889.21,1896.03,1862.68,1886.69,13078127616.0,19861385,0
20190807,1893.74,1896.75,1882.48,1882.48,8998988800.0,13373775,0
20190808,1889.36,1906.42,1889.36,1904.35,8334734336.0,11068127,0
20190809,1909.1,1910.89,1884.02,1887.26,7834573312.0,11336581,0
20190812,1885.3,1904.16,1885.08,1904.16,7208855552.0,10092166,0
20190813,1894.85,1907.29,1892.26,1904.66,8217812480.0,11748994,0
20190814,1922.05,1924.32,1912.35,1915.19,9704646656.0,12836005,0
20190815,1884.68,1919.85,1882.18,1919.58,10273063936.0,14907077,0
20190816,1919.86,1935.01,1915.71,1926.97,8984494080.0,11989777,0
20190819,1941.7,1973.74,1941.7,1973.74,12913189888.0,18633565,0
20190820,1977.92,1987.07,1965.76,1966.11,14867228672.0,20633101,0
20190821,1964.56,1975.39,1962.28,1967.29,12416270336.0,17680630,0
20190822,1971.52,1972.29,1957.45,1971.39,10230729728.0,13300172,0
20190823,1971.83,1980.9,1966.5,1977.76,10887335936.0,14500630,0
20190826,1950.43,1968.39,1947.19,1961.81,10873691136.0,15251908,0
20190827,1972.37,1997.53,1971.29,1986.34,13740435456.0,19136503,0
20190828,1987.02,1987.14,1972.83,1977.47,10117777408.0,14060865,0
20190829,1979.18,1979.66,1961.28,1966.98,9690720256.0,13495046,0
20190830,1976.4,1980.6,1945.33,1951.11,10777644032.0,14627599,0
20190902,1951.32,1976.04,1949.53,1972.8,11600611328.0,16310019,0
20190903,1972.94,1977.68,1967.78,1976.04,10598564864.0,14709834,0
20190904,1974.43,1986.7,1967.45,1986.7,13006900224.0,19082353,0
20190905,1992.98,2014.38,1990.08,1992.91,19100825600.0,27340593,0
20190906,1998.36,2004.32,1991.8,2004.32,13321040896.0,19567538,0
20190909,2018.7,2018.9,2003.91,2016.02,14740135936.0,21112499,0
20190910,2023.92,2023.92,2006.5,2015.21,15261381632.0,21797801,0
20190911,2018.92,2019.74,1998.02,2002.39,12988890112.0,17301165,0
20190912,2006.99,2016.4,1999.9,2015.66,11171893248.0,15599461,0
20190916,2018.34,2019.36,2008.52,2014.8,12678690816.0,18140796,0
20190917,2011.71,2011.71,1976.37,1979.71,13756728320.0,20028004,0
20190918,1982.56,1996.24,1981.54,1990.82,11830515712.0,14624772,0
20190919,1996.37,1996.91,1985.21,1995.58,10395824128.0,12737202,0
20190920,1999.17,2004.74,1993.81,2001.26,12234078208.0,15223013,0
20190923,1998.89,1998.89,1971.33,1982.41,10658006016.0,14683186,0
20190924,1983.07,2001.63,1979.92,1996.01,11237000192.0,13424473,0
20190925,1993.82,1993.84,1974.36,1974.36,11121646592.0,13448905,0
20190926,1982.01,1988.33,1960.82,1962.25,11551680512.0,15108744,0
20190927,1964.16,1965.46,1951.97,1956.14,8710284288.0,11590995,0
20190930,1952.67,1960.44,1941.45,1943.9,8182360064.0,10911773,0
20191008,1942.62,1955.37,1942.5,1947.85,9876220928.0,11262140,0
20191009,1942.26,1947.02,1932.83,1946.89,8927518720.0,11190328,0
20191010,1952.09,1975.96,1949.2,1975.0,11434285056.0,14126096,0
20191011,1977.79,1990.11,1970.65,1986.21,12548129792.0,17236884,0
20191014,2000.22,2006.21,1990.42,1994.61,16401325056.0,21806476,0
20191015,1992.97,1992.97,1982.77,1984.03,14309085184.0,18386584,0
20191016,1985.21,1995.85,1978.22,1980.23,12426610688.0,16233478,0
20191017,1983.47,1990.16,1979.24,1983.73,11466658816.0,14146580,0
20191018,1985.92,1988.13,1954.96,1959.86,11607758848.0,14456183,0
20191021,1956.61,1957.49,1935.76,1943.55,10739683328.0,12599582,0
20191022,1948.19,1951.43,1935.67,1951.16,9155919872.0,11880059,0
20191023,1951.65,1956.45,1936.1,1941.41,8462248960.0,11952467,0
20191024,1941.94,1943.14,1930.36,1938.3,8721947648.0,11296788,0
20191025,1938.24,1944.81,1925.52,1944.81,10795264000.0,14423760,0
20191028,1946.97,1960.25,1946.64,1959.5,12702696448.0,17985589,0
20191029,1957.9,1957.9,1937.69,1938.49,12758269952.0,17390710,0
20191030,1936.78,1942.95,1929.24,1935.84,14164737024.0,16216402,0
20191031,1938.67,1939.39,1924.75,1930.56,13540950016.0,17075312,0
20191101,1927.87,1951.61,1920.92,1950.61,12623548416.0,14687798,0
20191104,1952.1,1971.6,1952.1,1969.85,15593062400.0,19486152,0
20191105,1971.6,1981.53,1961.29,1974.7,12957166592.0,16505995,0
20191106,1977.03,1977.08,1954.96,1960.19,11379479552.0,14580241,0
20191107,1959.46,1969.56,1954.0,1959.99,9132636160.0,11711884,0
20191108,1971.2,1974.89,1954.56,1955.76,11123075072.0,14039941,0
20191111,1947.52,1947.52,1922.45,1925.14,10931233792.0,15112114,0
20191112,1926.11,1930.32,1915.28,1928.35,8599480320.0,11289857,0
20191113,1927.15,1931.02,1917.78,1926.73,9102589952.0,10482430,0
20191114,1926.87,1930.77,1919.36,1922.11,7898806784.0,9708360,0
20191115,1923.76,1926.39,1908.62,1908.62,8475718656.0,11359571,0
20191118,1907.9,1920.72,1902.09,1920.51,8308836864.0,10263049,0
20191119,1918.88,1942.5,1916.7,1942.5,9453607936.0,11104164,0
20191120,1940.74,1944.05,1928.08,1931.1,9071449088.0,10643516,0
20191121,1926.68,1932.47,1917.73,1924.1,9654353920.0,10568803,0
20191122,1924.55,1937.37,1893.7,1905.46,12510408704.0,12959579,0
20191125,1904.09,1922.28,1898.05,1921.75,10967223296.0,13778658,0
20191126,1926.21,1932.0,1918.66,1928.02,12526904320.0,15850801,0
20191127,1922.79,1926.48,1910.82,1915.23,8870428672.0,10600060,0
20191128,1916.45,1922.73,1909.16,1913.89,7467063296.0,9203585,0
20191129,1911.49,1914.03,1893.57,1906.32,8388577280.0,8944281,0
20191202,1903.66,1911.79,1900.35,1904.08,8444138496.0,10606703,0
20191203,1902.08,1906.92,1891.59,1906.92,7489554944.0,9526676,0
20191204,1901.85,1906.12,1897.28,1903.67,8676077568.0,10865032,0
20191205,1908.91,1919.36,1906.48,1912.8,8988361728.0,10821096,0
20191206,1915.98,1924.4,1908.61,1924.4,8849909760.0,10844821,0
20191209,1923.9,1925.43,1912.51,1921.38,9325745152.0,11581477,0
20191210,1916.95,1923.44,1914.63,1921.36,8328567296.0,10664511,0
20191211,1923.79,1927.01,1918.69,1925.42,9551142912.0,13045311,0
20191212,1925.98,1927.0,1920.67,1922.57,8941845504.0,11790765,0
20191213,1937.89,1957.13,1937.87,1947.9,15963459584.0,20553582,0
20191216,1953.08,1963.4,1947.59,1963.28,14533256192.0,18530194,0
20191217,1962.89,1987.18,1959.77,1980.88,16579548160.0,23029672,0
20191218,1980.65,1983.26,1965.78,1969.89,13721461760.0,17963497,0
20191219,1971.57,1979.32,1970.37,1977.61,13369397248.0,17114254,0
20191220,1979.6,1982.71,1967.06,1969.26,13176069120.0,18300079,0
20191223,1967.85,1968.47,1938.93,1941.34,12154102784.0,17222415,0
20191224,1942.34,1946.0,1933.18,1944.39,8605547520.0,11808224,0
20191225,1943.75,1946.97,1937.66,1944.53,8503158784.0,11540926,0
20191226,1942.03,1956.14,1942.03,1956.0,8753734656.0,11563317,0
20191227,1953.26,1966.21,1949.18,1950.35,13548761088.0,18462260,0
20191230,1945.71,1974.53,1940.92,1973.79,14571456512.0,19629899,0
20191231,1972.58,1985.76,1970.54,1984.87,13624113152.0,17286873,0
20200102,1994.94,2005.78,1990.0,2000.11,19126069248.0,24883287,0
20200103,2002.81,2005.43,1992.18,1996.64,15908548608.0,20497149,0
20200106,1986.63,1994.25,1971.51,1983.48,21611763712.0,26969728,0
20200107,1984.04,2002.6,1984.04,2002.58,17824976896.0,23304771,0
20200108,1991.76,1994.06,1972.54,1977.31,18107209728.0,24280732,0
20200109,1992.27,2008.4,1992.27,2004.5,18492596224.0,21330113,0
20200110,2007.03,2008.87,1991.67,1998.36,14305286144.0,16758742,0
20200113,1996.59,2003.87,1980.18,2003.64,15312297984.0,18216503,0
20200114,2007.73,2014.5,2006.03,2008.75,19828619264.0,25287966,0
20200115,2005.43,2007.68,1990.46,1994.61,15152576512.0,18222359,0
20200116,1997.52,1998.95,1986.56,1989.6,14073659392.0,16335333,0
20200117,1990.51,1994.13,1979.72,1982.53,13179335680.0,14796376,0
20200120,1983.46,1985.8,1969.98,1985.8,17921429504.0,20272701,0
20200121,1976.75,1978.4,1954.16,1955.31,16933980160.0,19922262,0
20200122,1946.32,1954.06,1926.52,1948.58,14546758656.0,17413591,0
20200123,1933.5,1933.5,1880.03,1889.5,20604938240.0,24929179,0
20200203,1721.08,1749.1,1720.11,1746.6,20002562048.0,21987970,0
20200204,1700.25,1774.36,1700.25,1770.23,24801599488.0,35288143,0
20200205,1776.7,1811.11,1769.15,1798.16,20968568832.0,27235767,0
20200206,1808.26,1841.08,1793.21,1837.69,21871032320.0,27919109,0
20200207,1839.67,1851.6,1823.13,1851.56,20986501120.0,25349225,0
20200210,1840.82,1853.66,1832.69,1852.31,19549548544.0,24661008,0
20200211,1853.91,1863.84,1844.31,1855.63,16948357120.0,22675293,0
20200212,1852.37,1867.01,1845.82,1867.01,14283488256.0,19034257,0
20200213,1862.89,1867.02,1844.53,1850.94,15589985280.0,21675620,0
20200214,1844.63,1855.27,1840.29,1849.03,12483591168.0,17383997,0
20200217,1849.25,1887.43,1849.25,1887.38,18846126080.0,25884928,0
20200218,1885.56,1895.19,1876.55,1888.35,17423091712.0,23929355,0
20200219,1885.2,1893.35,1877.0,1881.81,16714295296.0,23102969,0
20200220,1886.85,1918.23,1886.85,1917.09,21726898176.0,29745571,0
20200221,1914.65,1926.63,1910.68,1916.98,20136417280.0,31323566,0
20200224,1905.7,1905.97,1882.65,1897.24,24425754624.0,33822034,0
20200225,1867.25,1878.1,1840.12,1876.89,24001615872.0,37833056,0
20200226,1860.97,1889.97,1857.46,1870.62,26074480640.0,40812187,0
20200227,1875.25,1881.38,1865.32,1873.64,19426254848.0,28409061,0
20200228,1834.03,1849.96,1809.32,1812.48,22191642624.0,33407273,0
20200302,1819.63,1870.65,1819.63,1864.39,19979653120.0,28779575,0
20200303,1885.1,1902.09,1871.39,1881.7,23369793536.0,36743921,0
20200304,1876.2,1899.39,1874.95,1899.04,19698558976.0,28184427,0
20200305,1910.23,1934.52,1905.44,1931.03,24800094208.0,35471845,0
20200306,1913.32,1921.23,1906.11,1907.98,16587535360.0,23883887,0
20200309,1892.53,1895.17,1875.75,1878.21,23377807360.0,34159630,0
20200310,1861.08,1901.36,1853.19,1899.0,22890649600.0,34069032,0
20200311,1905.86,1917.75,1896.54,1897.54,21272666112.0,35639917,0
20200312,1879.06,1879.06,1854.12,1863.59,20852711424.0,30459259,0
20200313,1792.29,1848.49,1786.4,1834.16,22154973184.0,32107626,0
20200316,1841.64,1842.06,1783.43,1784.16,19298248704.0,27196130,0
20200317,1782.38,1806.76,1747.05,1777.88,17239597056.0,24684457,0
20200318,1786.3,1797.86,1751.14,1751.35,16997409792.0,24049679,0
20200319,1744.97,1756.44,1693.68,1723.62,18868047872.0,26105796,0
20200320,1738.89,1751.5,1724.91,1746.66,14957927424.0,20559180,0
20200323,1710.0,1728.37,1702.34,1704.73,14840774656.0,20347887,0
20200324,1727.43,1749.32,1723.15,1747.35,15356898304.0,20107145,0
20200325,1779.52,1784.37,1767.23,1781.14,15424090112.0,22134854,0
20200326,1771.21,1778.28,1765.51,1768.34,12097372160.0,17179549,0
20200327,1782.66,1785.36,1764.15,1765.33,12436188160.0,17190531,0
20200330,1746.76,1749.35,1728.74,1743.53,12687453184.0,18033293,0
20200331,1756.89,1764.66,1753.1,1757.63,12669020160.0,17527188,0
20200401,1753.85,1767.19,1741.21,1743.31,10867173376.0,15043902,0
20200402,1737.41,1764.57,1735.26,1764.5,10681769984.0,14735099,0
20200403,1761.92,1765.61,1752.58,1757.78,10067664896.0,14459818,0
20200407,1777.21,1789.14,1774.88,1786.58,14492143616.0,20976255,0
20200408,1780.3,1795.36,1771.74,1789.31,12183793664.0,17641040,0
20200409,1795.48,1811.4,1794.72,1806.53,12801894400.0,17445213,0
20200410,1807.16,1811.72,1788.58,1794.81,12005373952.0,16504683,0
20200413,1786.51,1788.97,1779.76,1784.01,8855054336.0,12653365,0
20200414,1789.13,1803.61,1783.44,1803.61,10478917632.0,13849682,0
20200415,1803.58,1807.44,1790.79,1793.75,10641090560.0,14454978,0
20200416,1789.09,1803.17,1786.82,1801.84,10346808320.0,15375216,0
20200417,1807.74,1814.23,1802.75,1805.23,12859746304.0,17454848,0
20200420,1808.45,1811.35,1803.58,1808.43,10622721024.0,14337099,0
20200421,1808.07,1808.15,1784.57,1796.01,10671629312.0,15348477,0
20200422,1793.15,1809.72,1786.07,1809.72,11116282880.0,14597220,0
20200423,1813.48,1827.78,1811.66,1820.02,14467286016.0,18076506,0
20200424,1817.49,1817.5,1799.91,1803.72,12133689344.0,15610574,0
20200427,1807.76,1821.89,1804.74,1807.22,12183372800.0,15770732,0
20200428,1810.54,1813.13,1781.03,1806.13,14317453312.0,20414305,0
20200429,1805.1,1817.75,1802.25,1806.88,11293733888.0,14693712,0
20200430,1814.91,1832.62,1814.91,1828.54,15935920128.0,22486537,0
20200506,1808.91,1826.94,1806.72,1825.51,16544933888.0,22160405,0
20200507,1821.7,1821.7,1808.06,1815.05,13477230592.0,18828089,0
20200508,1820.35,1830.97,1815.88,1826.87,12278530048.0,17133162,0
20200511,1833.79,1835.66,1817.7,1821.77,13141585920.0,17286210,0
20200512,1822.74,1827.2,1812.77,1820.43,12024041472.0,15520322,0
20200513,1817.28,1829.81,1810.79,1828.96,11202321408.0,14441949,0
20200514,1824.17,1824.17,1811.99,1813.22,11166326784.0,15235744,0
20200515,1816.59,1819.38,1805.98,1811.16,11219962880.0,14512857,0
20200518,1810.45,1821.43,1802.36,1815.11,12128883712.0,15711961,0
20200519,1825.08,1830.69,1820.85,1823.25,12116402176.0,15584817,0
20200520,1821.7,1822.04,1807.21,1810.03,11078030336.0,16030058,0
20200521,1813.76,1818.65,1796.81,1799.85,10812377088.0,16159466,0
20200522,1797.41,1797.67,1766.63,1773.36,11103074304.0,16229611,0
20200525,1775.24,1782.49,1767.69,1781.87,8907406336.0,12641226,0
20200526,1788.04,1802.82,1786.72,1801.69,9982051328.0,13372296,0
20200527,1803.48,1804.27,1791.45,1795.11,9152820224.0,13205304,0
20200528,1799.47,1813.4,1790.64,1806.36,10480570368.0,14361013,0
20200529,1807.18,1830.29,1801.0,1827.05,15015857152.0,20335581,0
20200601,1832.67,1864.45,1832.67,1863.74,17334177792.0,23984387,0
20200602,1866.29,1868.03,1856.61,1867.85,17358856192.0,26783044,0
20200603,1871.12,1874.62,1861.07,1863.18,13458347008.0,19779641,0
20200604,1865.65,1865.82,1850.28,1856.14,13837381632.0,16861840,0
20200605,1860.91,1876.35,1856.02,1875.58,15451078656.0,20843492,0
20200608,1881.83,1882.76,1867.18,1872.07,15244640256.0,19632778,0
20200609,1874.14,1887.44,1871.07,1887.17,12462182400.0,17775773,0
20200610,1884.34,1884.37,1874.54,1876.45,11402859520.0,15129479,0
20200611,1873.42,1875.95,1855.2,1859.16,12230715392.0,17104411,0
20200612,1829.84,1858.78,1828.12,1856.51,15112750080.0,20992684,0
20200615,1851.3,1856.5,1841.21,1841.21,18560432128.0,22824460,0
20200616,1853.48,1869.94,1852.27,1868.99,15299942400.0,18255871,0
20200617,1866.92,1879.08,1861.89,1875.22,16264745984.0,18558674,0
20200618,1875.57,1884.62,1874.63,1883.12,16250935296.0,20506410,0
20200619,1882.49,1902.89,1881.93,1898.86,18182848512.0,21906700,0
20200622,1896.95,1898.38,1884.58,1887.78,15914638336.0,18851232,0
20200623,1885.7,1904.64,1880.83,1901.15,15241854976.0,16392782,0
20200624,1902.78,1910.32,1895.5,1901.38,15868482560.0,16425661,0
20200629,1895.03,1897.08,1886.93,1891.1,15464993792.0,16860046,0
20200630,1898.17,1910.47,1898.17,1903.82,13260277760.0,14468305,0
20200701,1907.75,1912.71,1893.05,1912.25,16132352000.0,18605864,0
20200702,1905.64,1931.67,1904.93,1930.31,24856027136.0,31888417,0
20200703,1928.94,1949.54,1926.59,1949.1,27074166784.0,37404259,0
20200706,1957.37,2017.94,1957.37,2014.46,40738971648.0,61159319,0
20200707,2031.14,2041.48,2010.97,2014.6,42569564160.0,61642015,0
20200708,2011.25,2039.3,2004.57,2034.84,33752416256.0,48964302,0
20200709,2036.89,2064.77,2035.73,2064.02,37725159424.0,53762932,0
20200710,2058.33,2081.7,2048.51,2051.27,35471314944.0,49644781,0
20200713,2056.41,2096.38,2055.91,2095.51,38665076736.0,54431906,0
20200714,2095.3,2097.9,2055.05,2083.62,39677071360.0,55895545,0
20200715,2091.11,2108.71,2055.08,2072.22,36387753984.0,47782172,0
20200716,2072.63,2081.28,1985.94,1986.79,36918050816.0,50073864,0
20200717,1983.53,2003.78,1963.53,1981.09,24999065600.0,33094263,0
20200720,1991.69,2024.98,1981.71,2024.98,27234439168.0,38560374,0
20200721,2030.27,2037.41,2017.99,2034.72,23763587072.0,30869022,0
20200722,2030.29,2063.9,2022.12,2039.32,25326858240.0,32404668,0
20200723,2024.45,2041.78,1992.85,2031.4,25073297408.0,33307515,0
20200724,2022.37,2025.6,1949.98,1959.99,26601775104.0,34003683,0
20200727,1964.87,1977.03,1949.28,1966.31,17538686976.0,21090442,0
20200728,1973.96,1979.85,1960.51,1971.89,14545226752.0,18034191,0
20200729,1966.86,2001.89,1958.71,2001.43,17230962688.0,22452671,0
20200730,2002.76,2006.37,1985.57,1989.67,17783359488.0,24855330,0
20200731,1991.77,2017.56,1975.89,1998.4,18767880192.0,24512219,0
20200803,2011.02,2037.63,2011.02,2037.46,27852365824.0,38647082,0
20200804,2041.03,2057.09,2032.71,2048.79,29428523008.0,41969618,0
20200805,2043.52,2047.77,2023.18,2041.95,24055609344.0,32199131,0
20200806,2043.8,2047.02,2014.45,2033.3,24089208832.0,33107956,0
20200807,2029.66,2029.66,1991.79,2015.44,23877126144.0,32372470,0
20200810,2013.34,2046.17,2006.93,2039.89,24032567296.0,32724481,0
20200811,2046.77,2062.54,2025.96,2028.08,25819176960.0,35165439,0
20200812,2024.69,2038.12,2007.14,2038.12,27118690304.0,37488057,0
20200813,2045.15,2049.94,2037.15,2039.86,23462744064.0,34029434,0
20200814,2038.86,2056.52,2026.09,2055.68,20379512832.0,25811009,0
20200817,2060.41,2083.34,2057.05,2078.95,24466003968.0,33814053,0
20200818,2082.97,2090.92,2076.26,2086.41,23516874752.0,29722202,0
20200819,2088.22,2120.69,2080.52,2096.79,31087558656.0,43364955,0
20200820,2086.3,2095.16,2073.81,2080.45,26785306624.0,38117050,0
20200821,2087.75,2109.37,2081.93,2102.15,22334375936.0,30478063,0
20200824,2107.34,2110.45,2096.5,2104.13,20246491136.0,26108241,0
20200825,2107.81,2115.66,2088.08,2093.03,21737766912.0,27474362,0
20200826,2099.86,2124.62,2089.06,2099.06,26491693056.0,30139695,0
20200827,2105.71,2108.4,2085.42,2102.33,20607264768.0,24574827,0
20200828,2101.64,2127.85,2093.04,2125.96,20313128960.0,26262248,0
20200831,2126.7,2136.7,2119.52,2121.1,24015685632.0,28415849,0
20200901,2118.11,2131.51,2110.72,2131.47,18457219072.0,22121266,0
20200902,2135.63,2138.08,2113.81,2131.88,19397701632.0,24868465,0
20200903,2136.17,2164.24,2129.6,2135.79,23459624960.0,28706806,0
20200904,2105.54,2123.55,2095.79,2120.21,20532258816.0,23649271,0
20200907,2118.91,2130.6,2090.89,2092.41,22983491584.0,28781570,0
20200908,2099.67,2115.16,2092.1,2110.16,20666335232.0,29154114,0
20200909,2096.97,2116.06,2083.26,2093.89,26117609472.0,47980248,0
20200910,2107.67,2108.47,2063.35,2068.9,21604653056.0,38965368,0
20200911,2064.22,2080.36,2060.52,2079.11,16164905984.0,25525125,0
20200914,2089.62,2093.26,2081.45,2091.62,17379348480.0,24089265,0
20200915,2090.54,2097.04,2079.25,2096.87,16218817536.0,23009652,0
20200916,2096.36,2106.07,2081.47,2090.03,16818506752.0,25843556,0
20200917,2086.35,2088.61,2065.18,2077.96,14157004800.0,19848932,0
20200918,2080.32,2099.1,2067.97,2097.66,16530766848.0,23002685,0
20200921,2097.38,2100.69,2075.25,2078.56,15195057152.0,20694000,0
20200922,2064.71,2070.29,2039.87,2042.29,16089840640.0,21054796,0
20200923,2050.79,2059.39,2046.63,2055.53,13714373632.0,15604606,0
20200924,2045.34,2045.34,2013.47,2014.61,14456045568.0,20169209,0
20200925,2020.9,2022.62,1995.35,2002.42,11995318272.0,15104888,0
20200928,2008.86,2018.5,1996.39,2006.34,11261381632.0,13990841,0
20200929,2012.79,2024.58,2010.25,2016.47,11236913152.0,14334268,0
20200930,2019.52,2032.63,2005.39,2018.8,11943286784.0,14927528,0
20201009,2037.3,2056.28,2035.09,2050.49,15032142848.0,18407905,0
20201012,2056.93,2094.82,2052.84,2093.71,20789041152.0,26393779,0
20201013,2094.32,2098.94,2077.51,2097.51,14535682048.0,18268183,0
20201014,2099.34,2100.75,2087.63,2091.96,16533789696.0,20248971,0
20201015,2088.03,2088.21,2069.04,2076.11,13588572160.0,16471951,0
20201016,2076.81,2085.64,2069.23,2078.52,12697545728.0,15501857,0
20201019,2086.72,2091.38,2058.31,2060.18,13441323008.0,17209571,0
20201020,2058.2,2073.03,2054.83,2072.1,10533433344.0,13271613,0
20201021,2073.0,2076.45,2057.7,2074.07,13581640704.0,17809777,0
20201022,2069.82,2070.92,2052.29,2065.78,12498542592.0,15771937,0
20201023,2065.41,2074.04,2039.05,2040.9,10776033280.0,13353690,0
20201026,2038.6,2042.97,2017.3,2041.0,10448498688.0,14619737,0
20201027,2037.86,2058.12,2033.06,2054.39,12995768320.0,14501528,0
20201028,2057.16,2067.82,2046.15,2065.65,12893907968.0,15081582,0
20201029,2046.67,2070.5,2043.51,2058.13,12959756288.0,15891279,0
20201030,2060.18,2063.14,2029.46,2034.64,14745669632.0,18878070,0
20201102,2036.05,2044.6,2028.94,2042.01,18313750528.0,23471171,0
20201103,2047.04,2069.6,2041.75,2069.14,14349594624.0,19252506,0
20201104,2067.32,2076.06,2050.99,2073.24,12119422976.0,15377435,0
20201105,2083.61,2100.83,2079.4,2097.84,15977381888.0,19468031,0
20201106,2097.07,2100.09,2081.41,2097.82,17868916736.0,25025230,0
20201109,2105.02,2149.25,2105.02,2145.97,24429502464.0,34303875,0
20201110,2174.02,2174.16,2138.73,2147.76,31457288192.0,37694829,0
20201111,2141.22,2143.17,2126.72,2130.4,23566180352.0,31854548,0
20201112,2132.44,2145.64,2131.01,2136.98,17367472128.0,25016406,0
20201113,2133.61,2133.61,2112.84,2126.09,15838741504.0,22420195,0
20201116,2142.13,2149.77,2132.55,2149.77,21488113664.0,30087881,0
20201117,2151.23,2156.59,2138.13,2145.5,26743259136.0,36481356,0
20201118,2147.67,2149.08,2127.37,2133.05,25888571392.0,32981984,0
20201119,2128.66,2130.15,2115.01,2125.87,18289760256.0,22715373,0
20201120,2127.09,2152.44,2124.76,2150.04,20275810304.0,26440553,0
20201123,2149.29,2168.41,2137.74,2157.05,25536698368.0,35569738,0
20201124,2153.59,2153.91,2140.59,2148.56,18074175488.0,24196139,0
20201125,2157.53,2158.97,2120.53,2120.53,20082974720.0,27168381,0
20201126,2123.46,2146.28,2120.47,2145.49,18476625920.0,27634214,0
20201127,2144.48,2145.32,2122.81,2143.7,16066684928.0,22803098,0
20201130,2144.42,2158.62,2130.35,2130.35,22699034624.0,31914561,0
20201201,2130.5,2168.19,2129.3,2164.22,21209825280.0,27555955,0
20201202,2168.39,2169.59,2155.81,2162.93,18991437824.0,26251974,0
20201203,2163.77,2178.47,2160.13,2176.18,18473142272.0,23022625,0
20201204,2177.26,2183.64,2160.2,2180.53,16829214720.0,20993886,0
20201207,2177.99,2177.99,2153.67,2157.86,15988040704.0,20210513,0
20201208,2161.42,2162.17,2148.03,2155.05,12929366016.0,16319298,0
20201209,2156.52,2161.18,2127.94,2128.07,15022812160.0,19498955,0
20201210,2125.86,2142.32,2122.36,2135.21,15531009024.0,18830743,0
20201211,2138.39,2138.39,2096.98,2112.79,19229646848.0,25922632,0
20201214,2110.64,2119.67,2101.15,2118.04,13643744256.0,17362181,0
20201215,2116.85,2118.65,2103.26,2116.25,13038155776.0,15496417,0
20201216,2119.64,2130.27,2114.51,2127.46,12838718464.0,15386633,0
20201217,2127.81,2154.63,2126.46,2152.13,17536251904.0,21380215,0
20201218,2153.48,2161.6,2143.52,2151.22,19772712960.0,25332054,0
20201221,2147.59,2152.68,2127.0,2151.19,21267834880.0,25256015,0
20201222,2143.5,2148.63,2106.79,2109.19,20705746944.0,25332380,0
20201223,2112.88,2127.27,2111.0,2124.29,19427788800.0,26245150,0
20201224,2124.39,2130.84,2113.63,2121.95,21481961472.0,29555180,0
20201225,2119.29,2172.2,2117.32,2169.77,25108365312.0,38816711,0
20201228,2176.41,2176.41,2153.17,2161.36,30132664320.0,43806609,0
20201229,2162.67,2164.74,2146.4,2150.27,25581983744.0,36575300,0
20201230,2145.43,2168.41,2145.43,2157.05,23849799680.0,32166950,0
20201231,2162.33,2181.54,2153.54,2180.17,28612114432.0,36460078,0
20210104,2165.39,2187.67,2150.69,2172.26,39801720832.0,38536863,0
20210105,2169.2,2183.05,2165.41,2179.75,42001113088.0,51838485,0
20210106,2178.83,2192.78,2172.14,2191.68,35283845120.0,42795881,0
20210107,2186.21,2206.17,2176.46,2199.74,36111179776.0,43213690,0
20210108,2196.73,2213.13,2190.23,2213.13,31347359744.0,36460278,0
20210111,2210.2,2210.54,2161.48,2177.08,32937543680.0,38018868,0
20210112,2169.06,2184.41,2156.71,2184.41,27939751936.0,31707134,0
20210113,2186.43,2217.98,2181.05,2216.92,35653316608.0,45296458,0
20210114,2206.42,2231.46,2194.84,2198.99,32708263936.0,38582227,0
20210115,2191.03,2198.47,2172.86,2188.07,26118164480.0,29162516,0
20210118,2184.56,2199.95,2172.7,2193.19,23703420928.0,26327798,0
20210119,2195.32,2196.1,2166.36,2174.54,27738159104.0,30833080,0
20210120,2172.23,2198.73,2167.39,2191.9,24026363904.0,22990092,0
20210121,2197.32,2216.64,2195.92,2209.49,24590399488.0,26137417,0
20210122,2209.49,2235.7,2206.76,2230.55,28825653248.0,27538354,0
20210125,2228.77,2251.14,2217.17,2233.52,32153135104.0,32748406,0
20210126,2220.38,2225.79,2199.62,2206.93,24860598272.0,24806926,0
20210127,2202.02,2230.43,2201.69,2228.45,26984615936.0,25307231,0
20210128,2209.38,2223.58,2193.03,2197.32,27454181376.0,29408005,0
20210129,2202.81,2206.84,2166.67,2184.65,30319392768.0,32922191,0
20210201,2166.73,2184.17,2160.5,2180.8,28726992896.0,34709376,0
20210202,2177.72,2183.07,2166.56,2173.39,25297289216.0,29353645,0
20210203,2162.13,2163.0,2140.88,2148.87,35218595840.0,30021780,0
20210204,2135.0,2136.59,2096.75,2112.4,26268575744.0,28071421,0
20210205,2114.51,2142.07,2114.51,2129.3,25968513024.0,26506919,0
20210208,2132.79,2152.67,2122.27,2152.01,24793581568.0,24891428,0
20210209,2151.13,2178.46,2143.08,2171.16,22768058368.0,24020767,0
20210210,2170.83,2207.95,2163.69,2202.71,23086813184.0,22793825,0
20210218,2230.81,2234.62,2199.19,2203.3,32628719616.0,32325336,0
20210219,2197.02,2247.76,2190.47,2247.16,31530043392.0,33701566,0
20210222,2247.58,2255.93,2215.4,2215.4,38664462336.0,44598091,0
20210223,2201.0,2227.25,2196.11,2202.46,30646159360.0,34162346,0
20210224,2204.57,2210.73,2144.21,2161.79,32104339456.0,32990055,0
20210225,2176.37,2186.86,2161.87,2171.93,27254290432.0,29582240,0
20210226,2134.24,2146.72,2116.73,2121.92,27988269056.0,28251317,0
20210301,2132.93,2137.29,2112.94,2132.73,26658633728.0,27319430,0
20210302,2142.96,2145.95,2103.97,2117.68,29595049984.0,33220650,0
20210303,2107.49,2149.85,2105.54,2149.78,26629302272.0,31674468,0
20210304,2133.48,2134.48,2108.05,2115.13,29959018496.0,34326918,0
20210305,2092.23,2122.34,2087.84,2113.68,26504931328.0,30828238,0
20210308,2122.23,2129.21,2072.12,2073.44,34386632704.0,41597477,0
20210309,2074.12,2093.45,2031.36,2052.1,39074525184.0,47594364,0
20210310,2063.67,2080.12,2051.75,2053.85,28703318016.0,32180487,0
20210311,2055.77,2110.79,2054.53,2109.64,31130304512.0,35504981,0
20210312,2116.93,2164.83,2102.91,2159.09,40839823360.0,54372057,0
20210315,2152.67,2165.05,2119.39,2139.45,43481210880.0,55535330,0
20210316,2142.78,2167.34,2133.82,2167.34,35928834048.0,44565124,0
20210317,2159.48,2159.48,2135.11,2149.86,29806243840.0,37098011,0
20210318,2155.28,2169.84,2149.8,2166.28,29259429888.0,35768111,0
20210319,2138.21,2165.3,2130.02,2145.15,33330806784.0,43632441,0
20210322,2152.47,2197.01,2152.47,2194.78,37214420992.0,52158006,0
20210323,2194.17,2194.36,2147.89,2161.36,38263640064.0,53515016,0
20210324,2146.06,2169.18,2142.24,2147.61,37636669440.0,51036683,0
20210325,2136.99,2152.74,2118.4,2145.42,32789991424.0,44362412,0
20210326,2151.21,2192.02,2151.21,2184.96,35272806400.0,44318747,0
20210329,2184.89,2200.2,2175.39,2191.81,34527662080.0,41645928,0
20210330,2184.02,2200.16,2169.0,2197.06,33542586368.0,42502285,0
20210331,2191.03,2219.23,2185.59,2215.66,34947350528.0,48810745,0
20210401,2214.01,2240.47,2210.78,2239.72,33392080896.0,43620610,0
20210402,2235.31,2241.94,2214.85,2224.0,29325262848.0,36148950,0
20210406,2227.52,2229.89,2205.39,2212.94,25645817856.0,29864878,0
20210407,2225.79,2233.5,2215.73,2233.23,30104115200.0,38739658,0
20210408,2229.34,2229.9,2208.27,2215.14,35461345280.0,41505254,0
20210409,2210.46,2219.74,2198.55,2207.43,28819036160.0,33386943,0
20210412,2197.06,2205.98,2183.5,2189.31,33633323008.0,37485409,0
20210413,2184.49,2194.46,2172.33,2177.08,28466276352.0,33525075,0
20210414,2173.96,2189.12,2170.37,2182.52,22046783488.0,26223475,0
20210415,2176.08,2177.01,2150.95,2158.61,19229634560.0,22312944,0
20210416,2166.17,2182.18,2158.69,2177.4,21488619520.0,24855787,0
20210419,2171.53,2200.35,2166.35,2199.64,23866142720.0,27191895,0
20210420,2192.94,2209.49,2189.2,2201.64,23827851264.0,25140388,0
20210421,2185.3,2198.8,2172.05,2196.53,20838246400.0,21380169,0
20210422,2204.07,2204.75,2186.23,2193.58,20719058944.0,20625326,0
20210423,2198.26,2216.6,2195.27,2210.09,24980240384.0,23236766,0
20210426,2209.11,2221.53,2189.35,2189.72,26455638016.0,23518423,0
20210427,2188.19,2200.93,2180.05,2198.49,26136825856.0,24257299,0
20210428,2198.72,2225.18,2190.33,2220.5,22259687424.0,20985785,0
20210429,2219.19,2234.14,2207.75,2231.09,23924060160.0,22951447,0
20210430,2221.47,2225.2,2201.0,2210.2,23427323904.0,24369089,0
20210506,2210.74,2221.51,2197.39,2204.51,28884453376.0,28525316,0
20210507,2207.74,2222.5,2192.4,2193.24,29533952000.0,31084060,0
20210510,2192.52,2211.93,2189.16,2205.24,27109535744.0,29787861,0
20210511,2195.82,2228.33,2190.6,2222.83,28451356672.0,31084606,0
20210512,2218.94,2239.68,2211.65,2235.96,23203706880.0,24961354,0
20210513,2217.02,2235.21,2215.85,2226.06,20358854656.0,22327264,0
20210514,2230.21,2247.96,2222.96,2242.04,22728015872.0,24736995,0
20210517,2247.39,2284.07,2247.39,2280.23,27771568128.0,27780135,0
20210518,2279.64,2296.34,2272.44,2296.07,24383725568.0,24763944,0
20210519,2293.93,2293.93,2279.16,2289.52,26026475520.0,28713461,0
20210520,2281.07,2287.5,2265.3,2271.46,29968398336.0,31662660,0
20210521,2277.14,2309.11,2270.72,2305.32,31678668800.0,33379943,0
20210524,2306.96,2309.16,2279.5,2294.36,28938129408.0,30427887,0
20210525,2291.27,2327.26,2283.33,2323.67,28162791424.0,28392313,0
20210526,2318.21,2318.74,2303.77,2309.53,28180664320.0,30355885,0
20210527,2304.33,2327.05,2303.62,2326.13,26985875456.0,28558870,0
20210528,2326.97,2336.62,2301.96,2311.89,27682398208.0,28261017,0
20210531,2307.39,2317.13,2291.3,2317.13,28906827776.0,31547849,0
20210601,2316.53,2347.05,2304.94,2343.15,30934634496.0,30918417,0
20210602,2342.02,2348.76,2323.31,2328.47,30886387712.0,30545052,0
20210603,2325.41,2341.71,2307.56,2327.12,29844742144.0,32070034,0
20210604,2317.72,2341.16,2310.37,2323.14,22943768576.0,25064393,0
20210607,2323.37,2325.09,2304.88,2315.41,24602542080.0,24332090,0
20210608,2318.17,2330.58,2298.06,2315.28,23790497792.0,22582856,0
20210609,2307.21,2340.62,2304.47,2337.67,26035253248.0,24150922,0
20210610,2343.96,2371.15,2343.12,2361.79,28238258176.0,26903074,0
20210611,2372.19,2379.08,2364.08,2368.82,35066490880.0,35203667,0
20210615,2368.07,2369.97,2337.35,2346.03,27423987712.0,27865950,0
20210616,2346.86,2347.84,2304.19,2304.73,25846343680.0,23917588,0
20210617,2307.58,2343.67,2307.1,2326.95,27488632832.0,23447775,0
20210618,2333.52,2343.68,2320.01,2337.24,25499691008.0,22992757,0
20210621,2331.29,2341.13,2318.67,2332.78,25471166464.0,23964054,0
20210622,2335.75,2371.52,2335.51,2368.88,28597104640.0,26499160,0
20210623,2370.16,2386.91,2359.67,2364.54,34983788544.0,30446838,0
20210624,2364.73,2365.8,2351.58,2360.17,27925094400.0,28375608,0
20210625,2368.13,2400.29,2358.49,2399.07,32408877056.0,24996644,0
20210628,2402.66,2416.02,2397.37,2406.86,29017247744.0,26115996,0
20210629,2397.31,2398.18,2367.16,2373.26,28117344256.0,26195507,0
20210630,2371.41,2386.24,2364.56,2383.63,27150540800.0,24395245,0
20210701,2388.03,2395.18,2368.48,2380.01,22402238464.0,19967782,0
20210702,2376.63,2376.63,2332.51,2338.41,27325014016.0,24925341,0
20210705,2329.61,2344.06,2320.8,2328.58,26957643776.0,24621524,0
20210706,2330.51,2330.7,2276.88,2296.93,33477974016.0,25188471,0
20210707,2288.01,2332.42,2284.03,2326.23,31370518528.0,23615679,0
20210708,2316.1,2319.76,2273.39,2276.17,36550713344.0,29066561,0
20210709,2266.81,2274.7,2237.02,2268.2,34374045696.0,27607292,0
20210712,2275.14,2291.14,2254.91,2278.6,32037548032.0,28137801,0
20210713,2275.44,2311.22,2273.51,2309.49,31382990848.0,30096224,0
20210714,2307.38,2312.27,2293.65,2295.5,29370400768.0,29704187,0
20210715,2281.51,2284.17,2259.46,2282.52,27897802752.0,26266745,0
20210716,2267.55,2269.6,2251.97,2252.19,25943459840.0,26607196,0
20210719,2244.65,2270.7,2232.98,2269.06,26949664768.0,26054316,0
20210720,2257.58,2262.27,2247.92,2260.32,21631901696.0,21428179,0
20210721,2262.21,2265.31,2244.11,2250.83,24910471168.0,24734197,0
20210722,2254.6,2258.27,2237.99,2243.31,26132213760.0,26700298,0
20210723,2237.33,2238.03,2196.39,2200.96,30537775104.0,30477453,0
20210726,2178.06,2178.14,2115.13,2131.06,30759297024.0,28281567,0
20210727,2131.45,2140.56,2076.37,2078.66,33127417856.0,30714472,0
20210728,2073.43,2100.14,2045.7,2093.05,31181568000.0,30521731,0
20210729,2111.46,2118.49,2106.06,2110.3,25630027776.0,23754799,0
20210730,2097.09,2099.59,2078.17,2094.88,26978619392.0,29498760,0
20210802,2080.08,2118.82,2046.34,2116.28,37143654400.0,39889631,0
20210803,2106.55,2155.76,2100.68,2149.96,34898366464.0,34085026,0
20210804,2142.97,2151.67,2123.7,2138.97,27530733568.0,26974416,0
20210805,2128.06,2147.46,2119.28,2127.77,24682565632.0,25363752,0
20210806,2127.21,2128.45,2114.03,2121.76,23113701376.0,24575143,0
20210809,2115.48,2148.16,2113.55,2143.06,25654544384.0,27529026,0
20210810,2140.26,2149.78,2118.43,2149.24,24702457856.0,24572633,0
20210811,2148.97,2157.6,2140.22,2146.94,28428879872.0,29476022,0
20210812,2145.18,2155.82,2141.51,2145.97,28243820544.0,27697288,0
20210813,2145.13,2155.41,2127.0,2137.01,27993423872.0,27663340,0
20210816,2135.31,2150.24,2134.37,2143.91,26179563520.0,29091870,0
20210817,2142.76,2157.44,2107.11,2111.77,31546124288.0,35594291,0
20210818,2110.78,2128.76,2109.4,2128.29,26830987264.0,29624466,0
20210819,2128.42,2135.71,2115.13,2128.01,25171036160.0,31087925,0
20210820,2116.6,2116.6,2067.34,2082.44,34033741824.0,36474339,0
20210823,2087.41,2107.19,2079.07,2104.74,36355170304.0,39644844,0
20210824,2111.96,2135.75,2109.94,2129.21,35585740800.0,38986895,0
20210825,2130.17,2163.02,2129.58,2162.04,35927953408.0,39555352,0
20210826,2160.76,2161.43,2129.65,2130.62,32970522624.0,37989724,0
20210827,2123.88,2138.3,2117.48,2122.68,31872749568.0,34106055,0
20210830,2120.34,2122.54,2097.65,2111.82,37216067584.0,39751138,0
20210831,2115.16,2118.01,2084.55,2109.9,39856070656.0,43280786,0
20210901,2109.82,2149.17,2102.42,2137.65,44602343424.0,57130099,0
20210902,2135.97,2154.66,2135.64,2152.2,46577213440.0,60557178,0
20210903,2160.68,2194.51,2152.77,2173.37,50609659904.0,69070284,0
20210906,2184.76,2225.19,2184.75,2219.58,49980846080.0,63730525,0
20210907,2218.87,2245.14,2211.53,2242.0,48706326528.0,60321947,0
20210908,2248.2,2283.17,2248.07,2276.6,56385675264.0,75500709,0
20210909,2272.26,2297.33,2258.27,2297.08,57462099968.0,79886040,0
20210910,2292.21,2315.47,2283.53,2287.51,58468876288.0,70573907,0
20210913,2278.08,2321.04,2275.6,2309.41,54002438144.0,65464432,0
20210914,2308.79,2318.85,2262.92,2267.18,50221088768.0,62019848,0
20210915,2261.8,2278.64,2254.82,2264.53,39842541568.0,49767193,0
20210916,2264.55,2280.38,2243.59,2243.59,47010529280.0,55327236,0
20210917,2241.9,2312.14,2241.1,2306.71,51531399168.0,60454636,0
20210922,2283.27,2376.58,2282.19,2376.27,53530857472.0,68757638,0
20210923,2407.07,2431.84,2394.9,2403.75,74713538560.0,94834427,0
20210924,2408.61,2423.47,2382.7,2388.3,64338710528.0,81566118,0
20210927,2404.74,2407.98,2337.66,2351.6,66209947648.0,78940612,0
20210928,2336.05,2390.72,2333.95,2389.45,61130395648.0,78441123,0
20210929,2361.09,2371.15,2327.16,2335.94,61850013696.0,73470702,0
20210930,2335.7,2368.01,2316.11,2363.16,53714145280.0,68273911,0
20211008,2387.25,2389.6,2338.31,2357.1,56860729344.0,70886961,0
20211011,2367.64,2370.07,2319.05,2323.57,52522668032.0,66068110,0
20211012,2307.4,2322.28,2259.98,2290.87,46753304576.0,63415995,0
20211013,2282.95,2283.88,2234.51,2259.38,35241484288.0,47781365,0
20211014,2249.46,2255.83,2233.21,2234.34,39063199744.0,43664646,0
20211015,2210.55,2215.16,2193.56,2206.76,43402526720.0,49919037,0
20211018,2203.49,2225.72,2200.48,2224.72,40955293696.0,48143469,0
20211019,2218.45,2240.26,2214.84,2238.86,36063911936.0,42745931,0
20211020,2236.67,2244.94,2217.67,2238.13,42628763648.0,52967096,0
20211021,2236.48,2236.82,2212.23,2224.72,31360528384.0,43013170,0
20211022,2221.07,2227.01,2188.65,2190.06,30475169792.0,42432090,0
20211025,2183.57,2223.59,2177.94,2213.81,30498779136.0,36657608,0
20211026,2209.39,2239.18,2205.93,2219.46,38239232000.0,43347974,0
20211027,2215.3,2216.9,2202.18,2215.6,40261062656.0,50396535,0
20211028,2208.88,2218.83,2197.48,2205.73,40292855808.0,50815095,0
20211029,2201.67,2238.48,2181.76,2237.63,39277793280.0,46765908,0
20211101,2223.81,2223.81,2186.77,2202.9,40937021440.0,47334805,0
20211102,2195.01,2199.14,2145.51,2165.31,36546478080.0,46258815,0
20211103,2161.81,2184.81,2159.25,2174.55,29027854336.0,34088985,0
20211104,2180.1,2181.63,2169.81,2177.31,28643667968.0,34563441,0
20211105,2169.81,2169.81,2136.85,2138.08,31416969216.0,39250369,0
20211108,2145.76,2153.73,2127.83,2132.78,29571659776.0,32970921,0
20211109,2143.22,2150.19,2129.3,2138.29,26250917888.0,29781607,0
20211110,2132.66,2132.66,2093.13,2116.27,24960360448.0,31131113,0
20211111,2110.54,2128.24,2106.83,2126.78,22781267968.0,27726094,0
20211112,2126.56,2133.31,2118.68,2126.83,22927284224.0,27940256,0
20211115,2127.36,2134.13,2117.85,2132.16,26805172224.0,29578586,0
20211116,2130.67,2153.94,2130.22,2143.87,31636578304.0,33096875,0
20211117,2142.64,2150.86,2135.36,2142.25,24255875072.0,26514281,0
20211118,2137.81,2137.81,2122.96,2124.02,27447398400.0,31427952,0
20211119,2118.49,2132.5,2109.13,2132.25,24881571840.0,28839423,0
20211122,2134.79,2136.95,2127.88,2131.02,24863438848.0,29298227,0
20211123,2129.13,2136.96,2125.19,2133.64,24570640384.0,31088311,0
20211124,2133.57,2143.94,2117.31,2140.13,29332856832.0,35698845,0
20211125,2141.55,2151.9,2135.93,2140.37,28906967040.0,35320329,0
20211126,2132.4,2132.4,2112.29,2115.18,24771393536.0,28407714,0
20211129,2094.68,2105.55,2091.99,2105.54,37719531520.0,41707524,0
20211130,2106.36,2115.22,2097.52,2106.23,35470213120.0,40528651,0
20211201,2102.02,2124.98,2099.03,2124.52,33089722368.0,38258935,0
20211202,2120.54,2137.02,2110.56,2111.6,30050627584.0,34502214,0
20211203,2123.54,2153.44,2123.25,2151.91,38292549632.0,52267740,0
20211206,2154.84,2170.1,2148.16,2150.91,40585859072.0,52490991,0
20211207,2164.69,2179.73,2155.72,2178.69,37904056320.0,47307913,0
20211208,2178.21,2190.47,2165.02,2189.51,31647199232.0,37488626,0
20211209,2191.84,2221.46,2188.43,2216.57,37914656768.0,44316386,0
20211210,2204.43,2221.59,2202.84,2206.12,39846825984.0,46729106,0
20211213,2237.37,2251.13,2222.18,2226.71,45351325696.0,50244681,0
20211214,2211.65,2224.97,2205.3,2219.46,39765352448.0,42867689,0
20211215,2211.47,2242.63,2209.38,2224.76,43353985024.0,50125267,0
20211216,2225.18,2249.3,2225.18,2249.3,36775178240.0,43129590,0
20211217,2248.25,2267.28,2242.2,2243.29,41497407488.0,49554348,0
20211220,2238.85,2248.0,2204.55,2208.05,40722096128.0,48803018,0
20211221,2208.95,2241.49,2207.06,2237.61,32154828800.0,42578983,0
20211222,2243.92,2248.47,2224.72,2227.07,30223228928.0,37857230,0
20211223,2227.31,2256.55,2221.08,2254.71,41397444608.0,52112448,0
20211224,2257.25,2267.25,2243.74,2250.76,43697926144.0,53272039,0
20211227,2249.77,2278.28,2249.77,2269.38,38329778176.0,45045599,0
20211228,2271.98,2271.98,2240.39,2261.21,35107635200.0,39601845,0
20211229,2257.99,2263.16,2245.29,2251.83,35552866304.0,40999877,0
20211230,2248.0,2274.38,2245.64,2273.05,33813544960.0,37193339,0
20211231,2279.88,2294.04,2275.02,2285.51,36137074688.0,44092837,0
20220104,2290.54,2296.38,2279.24,2288.65,45013598208.0,52371223,0
20220105,2281.49,2281.59,2247.71,2260.33,43392466944.0,52605404,0
20220106,2249.37,2252.82,2223.02,2225.3,36314177536.0,38541024,0
20220107,2228.63,2234.76,2214.89,2215.57,34098712576.0,39102395,0
20220110,2200.91,2215.88,2190.38,2215.33,31654197248.0,34853676,0
20220111,2210.9,2235.12,2206.44,2208.83,29069586432.0,33605621,0
20220112,2209.6,2220.22,2203.19,2216.37,27980357632.0,28687609,0
20220113,2215.26,2219.3,2199.32,2200.31,28845305856.0,29655399,0
20220114,2192.53,2201.92,2177.23,2183.66,30052022272.0,32126958,0
20220117,2180.28,2189.48,2174.54,2180.94,26462961664.0,26819466,0
20220118,2178.47,2215.15,2168.19,2211.13,35433566208.0,40531094,0
20220119,2201.46,2211.21,2191.14,2200.21,26116374528.0,28577324,0
20220120,2196.68,2220.8,2191.25,2200.74,28014272512.0,31281142,0
20220121,2198.19,2206.31,2173.92,2177.01,33294497792.0,34956800,0
20220124,2165.95,2176.42,2159.72,2168.39,24659939328.0,27752573,0
20220125,2155.35,2164.41,2113.07,2113.07,28122025984.0,34392962,0
20220126,2120.83,2132.5,2099.98,2115.04,22589532160.0,27194111,0
20220127,2110.83,2116.62,2081.8,2082.87,21619333120.0,25976568,0
20220128,2095.75,2099.88,2069.55,2075.19,21920081920.0,27433684,0
20220207,2096.41,2122.94,2096.26,2121.63,23600658432.0,30947370,0
20220208,2119.98,2173.05,2114.81,2172.95,29540925440.0,38673293,0
20220209,2175.47,2207.8,2168.55,2205.1,30816176128.0,40051502,0
20220210,2205.55,2226.01,2199.11,2224.72,31891187712.0,40740152,0
20220211,2216.31,2226.13,2193.09,2195.82,27958024192.0,33172215,0
20220214,2189.52,2189.52,2151.6,2161.08,26937004032.0,33423518,0
20220215,2159.74,2162.25,2145.38,2157.92,25179822080.0,26843768,0
20220216,2166.83,2183.47,2165.42,2171.01,21538099200.0,24399514,0
20220217,2169.12,2172.81,2159.28,2167.38,22242918400.0,27406004,0
20220218,2156.43,2186.51,2153.63,2186.01,19783432192.0,25338026,0
20220221,2180.27,2180.75,2165.25,2178.51,21839685632.0,26952241,0
20220222,2162.1,2162.1,2127.3,2140.89,23353575424.0,29768480,0
20220223,2144.71,2151.18,2139.99,2149.17,23893315584.0,29587291,0
20220224,2142.28,2155.51,2092.76,2109.24,35081043968.0,44709805,0
20220225,2125.87,2156.09,2125.87,2151.47,35205279744.0,43714012,0
20220228,2151.68,2173.48,2139.13,2172.97,36215406592.0,43659028,0
20220301,2171.77,2188.48,2171.27,2181.14,27892606976.0,33795782,0
20220302,2173.02,2184.05,2167.32,2181.89,24021643264.0,32388402,0
20220303,2193.98,2221.49,2193.88,2219.37,36511014912.0,51883317,0
20220304,2208.33,2210.75,2186.18,2198.84,32579663872.0,47514178,0
20220307,2185.59,2189.54,2128.35,2135.32,33967523840.0,43950523,0
20220308,2131.31,2137.48,2066.29,2070.96,32797429760.0,42620979,0
20220309,2078.81,2096.67,1980.74,2052.08,39223496704.0,52215060,0
20220310,2090.14,2104.77,2068.83,2081.5,35183476736.0,45202991,0
20220311,2063.04,2100.24,2029.68,2094.97,32342943744.0,41612538,0
20220314,2067.54,2077.84,2021.21,2021.37,28429723648.0,34672591,0
20220315,2005.25,2005.25,1891.84,1892.96,40274718720.0,51883083,0
20220316,1925.8,1986.75,1888.78,1984.55,38838927360.0,45497624,0
20220317,2010.89,2029.22,1990.46,1998.26,36835266560.0,39942226,0
20220318,1989.0,2031.84,1984.16,2023.01,30338633728.0,35541979,0
20220321,2026.56,2028.65,1992.13,2013.31,25664473088.0,33227851,0
20220322,2006.42,2028.0,2001.52,2016.77,24171753472.0,32189248,0
20220323,2021.24,2027.17,2008.39,2017.82,24438366208.0,28527659,0
20220324,2006.3,2017.98,1996.03,2004.33,22253715456.0,25108416,0
20220325,2000.2,2001.03,1967.0,1968.35,22375565312.0,26820149,0
20220328,1951.12,1982.95,1933.21,1980.54,22154063872.0,29316398,0
20220329,1985.58,2000.42,1978.9,1988.56,20833732608.0,26810514,0
20220330,1997.17,2025.54,1990.62,2025.54,24863246336.0,28959635,0
20220331,2016.05,2027.31,2009.9,2016.19,28071411712.0,32859378,0
20220401,2008.43,2058.08,2001.39,2054.94,33005543424.0,41723011,0
20220406,2041.49,2061.9,2039.6,2059.43,29924820992.0,38786717,0
20220407,2050.46,2062.55,2032.28,2032.4,24979275776.0,33881322,0
20220408,2033.5,2044.62,2011.77,2043.83,23671398400.0,30886402,0
20220411,2044.34,2044.42,1991.08,1997.37,28198739968.0,38197725,0
20220412,1997.01,2049.52,1990.26,2047.77,31869614080.0,43463403,0
20220413,2036.78,2056.89,2031.68,2032.24,29718329344.0,38378717,0
20220414,2038.17,2058.04,2036.85,2046.17,26752253952.0,33796061,0
20220415,2032.02,2053.07,2026.45,2038.95,24915810304.0,34606264,0
20220418,2025.79,2033.15,2012.82,2032.66,23242100736.0,31301911,0
20220419,2030.4,2046.5,2023.26,2036.3,22502436864.0,30697800,0
20220420,2039.82,2052.45,2022.54,2029.66,22972598272.0,30941556,0
20220421,2020.84,2028.72,1971.81,1979.55,25370294272.0,35072846,0
20220422,1965.84,2014.64,1958.95,2010.03,27402463232.0,39267949,0
20220425,1978.9,1991.74,1920.52,1920.52,30969915392.0,45745115,0
20220426,1925.42,1951.44,1899.43,1904.41,27270971392.0,40384646,0
20220427,1888.45,1943.54,1878.59,1943.04,29739485184.0,41716270,0
20220428,1932.59,1949.02,1911.76,1938.84,28113352704.0,38025289,0
20220429,1939.08,1970.21,1924.88,1966.36,30160023552.0,41340510,0
20220505,1965.54,1991.14,1964.16,1985.15,28919345152.0,38272152,0
20220506,1948.38,1960.95,1927.7,1938.75,25066084352.0,33612602,0
20220509,1929.85,1948.13,1913.58,1921.53,20223496192.0,27178376,0
20220510,1898.87,1954.09,1887.48,1949.81,28491261952.0,40466777,0
20220511,1947.83,1986.14,1947.83,1960.48,32339642368.0,43371669,0
20220512,1957.04,1973.47,1945.87,1962.64,26268057600.0,35506811,0
20220513,1967.9,1994.43,1966.4,1994.43,23877722112.0,32957125,0
20220516,2000.48,2001.27,1973.45,1979.95,26766772224.0,36539662,0
20220517,1979.19,1979.58,1958.8,1976.5,21783887872.0,29489772,0
20220518,1976.35,1979.67,1957.76,1966.4,23495094272.0,33338384,0
20220519,1942.89,1976.99,1938.77,1976.99,24025307136.0,34079654,0
20220520,1981.81,2011.74,1981.81,2010.19,30467254272.0,39918512,0
20220523,2018.68,2019.67,1993.09,2004.85,26422910976.0,33298543,0
20220524,2004.18,2014.66,1963.86,1963.95,28271548416.0,37306807,0
20220525,1965.19,2009.89,1965.19,2009.74,30350721024.0,43440287,0
20220526,2012.38,2031.83,1996.71,2027.5,26595694592.0,36670997,0
20220527,2036.62,2042.16,2016.18,2029.16,26736158720.0,34504950,0
20220530,2037.38,2048.7,2030.44,2045.91,26217650176.0,33837512,0
20220531,2046.17,2076.18,2044.15,2076.18,32911110144.0,42132242,0
20220601,2071.16,2082.27,2056.73,2074.05,31397353472.0,40835987,0
20220602,2066.12,2067.31,2049.47,2055.95,29035896832.0,35753268,0
20220606,2054.78,2067.24,2037.51,2066.16,33667762176.0,42638471,0
20220607,2065.15,2082.65,2059.25,2072.68,35538210816.0,45649570,0
20220608,2074.89,2093.7,2060.54,2090.61,36871118848.0,47159205,0
20220609,2078.24,2091.43,2054.46,2061.9,34630967296.0,46437622,0
20220610,2045.21,2084.83,2044.67,2082.46,35521171456.0,48289284,0
20220613,2060.47,2062.28,2023.99,2038.13,35912224768.0,49078168,0
20220614,2021.05,2057.27,2010.04,2057.27,29690546176.0,41176480,0
20220615,2058.46,2091.46,2052.86,2061.91,37881315328.0,51737033,0
20220616,2064.42,2073.14,2051.62,2055.38,30803609600.0,39992326,0
20220617,2043.44,2076.18,2033.91,2074.23,30093424640.0,36655300,0
20220620,2075.4,2098.24,2067.79,2087.24,34864984064.0,42932322,0
20220621,2084.39,2096.69,2068.06,2082.95,30256500736.0,38896617,0
20220622,2083.92,2086.89,2061.96,2063.56,25152813056.0,32197635,0
20220623,2062.33,2070.78,2044.89,2070.78,24431581184.0,32234041,0
20220624,2071.09,2089.3,2062.91,2085.93,25908680704.0,30411059,0
20220627,2089.58,2114.04,2089.58,2098.55,29844750336.0,35146653,0
20220628,2098.57,2131.03,2093.46,2128.15,31303553024.0,36694469,0
20220629,2124.67,2137.29,2112.18,2113.34,30452445184.0,36655032,0
20220630,2119.41,2146.41,2119.41,2134.94,30179192832.0,36153637,0
20220701,2145.39,2150.87,2130.24,2136.0,28755079168.0,33703842,0
20220704,2135.31,2162.46,2120.6,2161.06,34396991488.0,44520115,0
20220705,2164.59,2176.73,2153.13,2169.81,36223868928.0,48006003,0
20220706,2169.66,2171.85,2121.72,2133.13,34908905472.0,44206994,0
20220707,2137.89,2141.62,2124.28,2130.62,35935395840.0,42710674,0
20220708,2142.39,2151.99,2130.57,2135.51,29272354816.0,33902711,0
20220711,2135.17,2142.04,2118.78,2129.46,31610888192.0,39179136,0
20220712,2130.4,2142.98,2119.07,2121.41,27044743168.0,36092745,0
20220713,2124.41,2144.77,2121.11,2143.61,28056877056.0,37636800,0
20220714,2142.29,2154.69,2127.41,2139.64,34197803008.0,41842158,0
20220715,2128.63,2131.94,2098.44,2098.44,30525908992.0,39679436,0
20220718,2098.34,2143.57,2097.84,2139.78,31530094592.0,42400738,0
20220719,2143.74,2143.74,2117.21,2129.49,28196079616.0,37861426,0
20220720,2139.16,2144.13,2128.37,2135.93,24156792832.0,32170835,0
20220721,2125.74,2125.74,2102.05,2102.05,23742345216.0,33068512,0
20220722,2104.91,2122.73,2093.74,2107.32,22147600384.0,30898454,0
20220725,2106.53,2107.01,2082.81,2086.78,20263952384.0,27966159,0
20220726,2087.68,2098.85,2084.34,2096.61,17680658432.0,23787287,0
20220727,2094.06,2094.06,2085.39,2088.8,18654300160.0,24880746,0
20220728,2093.56,2097.97,2075.78,2078.62,24793638912.0,31468216,0
20220729,2078.15,2088.22,2057.9,2062.08,27352950784.0,34679598,0
20220801,2057.8,2069.5,2042.08,2063.5,24604991488.0,30212506,0
20220802,2046.55,2046.55,1993.0,2012.2,29402769408.0,41831107,0
20220803,2010.75,2029.88,1992.59,1992.71,21622220800.0,29158988,0
20220804,2003.0,2019.86,1997.03,2019.37,17507590144.0,22557774,0
20220805,2025.1,2037.7,2010.73,2037.1,18195599360.0,22718153,0
20220808,2033.54,2045.83,2029.05,2042.68,17330253824.0,22370494,0
20220809,2041.97,2046.24,2033.97,2041.92,18465632256.0,24450061,0
20220810,2042.94,2043.02,2014.84,2022.88,16793411584.0,21199660,0
20220811,2028.9,2058.18,2028.9,2057.65,19287924736.0,24865146,0
20220812,2058.18,2080.49,2055.5,2076.21,20528357376.0,28721115,0
20220815,2070.96,2078.14,2055.69,2066.85,23714015232.0,30780973,0
20220816,2067.79,2081.86,2065.18,2070.9,23119261696.0,30016854,0
20220817,2073.49,2088.21,2067.09,2086.95,26763816960.0,34057766,0
20220818,2082.08,2086.03,2057.93,2059.39,24119525376.0,32888145,0
20220819,2055.17,2093.13,2048.82,2084.79,34775736320.0,47839234,0
20220822,2079.11,2099.49,2078.4,2092.39,32928890880.0,42592010,0
20220823,2088.83,2104.86,2081.41,2095.9,28571183104.0,37937586,0
20220824,2093.23,2100.95,2066.0,2067.81,27907911680.0,37326916,0
20220825,2074.71,2113.72,2073.19,2112.45,29425772544.0,38066856,0
20220826,2109.19,2125.56,2097.26,2101.65,30041235456.0,38234209,0
20220829,2082.14,2094.11,2069.76,2093.42,22874941440.0,30320965,0
20220830,2092.38,2104.83,2080.06,2093.33,24381313024.0,31891616,0
20220831,2088.03,2109.6,2077.28,2090.42,32546869248.0,39482541,0
20220901,2085.16,2089.75,2060.95,2063.46,24110196736.0,30467907,0
20220902,2067.82,2080.43,2060.54,2068.62,23201929216.0,31246976,0
20220905,2068.26,2081.11,2061.29,2081.11,25067270144.0,35264466,0
20220906,2082.44,2108.82,2072.2,2106.73,26709153792.0,36399490,0
20220907,2100.08,2114.86,2091.69,2113.72,27120406528.0,35588120,0
20220908,2116.35,2136.73,2111.37,2122.11,30435377152.0,40101797,0
20220909,2133.33,2151.89,2127.35,2141.6,28226273280.0,35883628,0
20220913,2142.8,2145.41,2123.45,2125.28,30898081792.0,35893742,0
20220914,2103.19,2121.0,2101.32,2110.06,24643827712.0,31684806,0
20220915,2119.35,2126.89,2078.4,2089.5,27936268288.0,37009126,0
20220916,2085.95,2085.95,2032.14,2032.14,26475565056.0,37047298,0
20220919,2027.77,2034.33,2012.05,2025.29,23055220736.0,30456502,0
20220920,2034.3,2037.17,2020.13,2025.99,17182275584.0,22492072,0
20220921,2023.64,2051.85,2011.79,2041.39,21561573376.0,29338268,0
20220922,2028.59,2034.3,2018.94,2025.47,18517381120.0,23244792,0
20220923,2022.89,2035.62,1999.13,2009.65,18864009216.0,25832680,0
20220926,1998.72,2017.85,1983.87,1985.74,20437549056.0,27066795,0
20220927,1984.89,2024.17,1982.16,2023.4,22459965440.0,25587669,0
20220928,2021.79,2024.26,1992.64,1994.81,20820375552.0,24882188,0
20220929,2003.24,2007.96,1965.77,1978.82,19540262912.0,23659810,0
20220930,1977.2,1987.15,1968.56,1974.32,15336763392.0,18867395,0
20221010,1978.09,1990.88,1957.15,1961.5,20533633024.0,26709511,0
20221011,1965.38,1983.73,1947.08,1982.6,20350402560.0,27329711,0
20221012,1977.9,1992.24,1943.14,1992.24,20412065792.0,26626633,0
20221013,1979.21,2009.29,1977.65,1999.56,22306127872.0,30351125,0
20221014,2006.36,2039.81,2006.09,2033.67,25069983744.0,29654853,0
20221017,2029.25,2045.63,2013.55,2040.72,24283934720.0,30643994,0
20221018,2048.65,2054.65,2036.86,2041.1,23269392384.0,28408213,0
20221019,2039.38,2053.68,2032.52,2032.94,21879574528.0,27909460,0
20221020,2024.86,2048.09,2016.97,2021.9,24331831296.0,29094705,0
20221021,2017.74,2045.7,2017.42,2033.94,20832479232.0,27053327,0
20221024,2032.09,2041.03,1968.13,1970.79,24127574016.0,29428187,0
20221025,1967.54,1994.28,1960.44,1979.89,20817666048.0,26047984,0
20221026,1980.26,2018.13,1980.26,2004.01,23458625536.0,27983102,0
20221027,1992.67,1995.18,1962.71,1963.57,27783258112.0,31072079,0
20221028,1959.74,1961.37,1914.36,1920.98,23844374528.0,31429376,0
20221031,1904.91,1921.97,1891.52,1897.73,24198774784.0,32424201,0
20221101,1899.52,1947.68,1890.96,1947.44,28531189760.0,37365059,0
20221102,1940.4,1983.07,1937.64,1977.37,32716910592.0,42121766,0
20221103,1964.69,1973.27,1959.12,1966.58,26718160896.0,37949550,0
20221104,1966.61,2019.05,1966.49,2007.62,32347740160.0,42692984,0
20221107,1996.16,2005.3,1986.0,2003.85,26534701056.0,34532572,0
20221108,2000.66,2001.69,1980.1,1991.0,20847015936.0,26693042,0
20221109,1989.26,1997.86,1978.86,1979.64,16932593664.0,21748646,0
20221110,1971.81,1984.76,1962.86,1978.98,18857109504.0,26077872,0
20221111,2015.15,2021.55,1979.31,2000.7,34724876288.0,38655077,0
20221114,1998.51,2002.59,1974.54,1980.03,26931089408.0,31750515,0
20221115,1978.45,2006.69,1971.27,2006.69,25570766848.0,31263018,0
20221116,2010.8,2031.73,2010.66,2015.83,26989025280.0,35177975,0
20221117,2006.35,2018.41,2002.3,2018.08,20888758272.0,26638148,0
20221118,2023.68,2028.39,2010.73,2013.14,24569913344.0,32584747,0
20221121,1998.45,2002.51,1983.16,2001.22,20562229248.0,26003448,0
20221122,2001.26,2033.63,1999.73,2018.52,25861085184.0,37597027,0
20221123,2016.3,2030.22,2012.27,2025.1,27285319680.0,43394010,0
20221124,2023.49,2032.69,2011.74,2012.39,20671496192.0,30705567,0
20221125,2009.68,2036.77,2007.95,2034.52,22790666240.0,38247833,0
20221128,2010.14,2041.58,1991.81,2040.39,28698107904.0,43979331,0
20221129,2039.62,2056.49,2031.31,2052.57,32278632448.0,43831333,0
20221130,2046.81,2061.14,2041.86,2059.58,31165034496.0,45890563,0
20221201,2077.2,2081.38,2065.98,2067.23,35101552640.0,49005606,0
20221202,2061.09,2066.85,2053.65,2060.48,23939743744.0,33449555,0
20221205,2075.2,2114.23,2075.2,2111.13,39681277952.0,58696003,0
20221206,2103.14,2118.96,2095.56,2101.28,32429887488.0,46189949,0
20221207,2095.91,2126.1,2089.44,2099.44,36680728576.0,49942891,0
20221208,2097.49,2100.44,2081.65,2091.98,29228773376.0,42736524,0
20221209,2088.42,2095.38,2066.03,2069.61,33827727360.0,49857168,0
20221212,2066.3,2077.11,2060.9,2063.28,30970279936.0,43423621,0
20221213,2063.7,2083.71,2062.0,2068.98,27112388608.0,35424305,0
20221214,2055.31,2064.69,2047.9,2054.0,25698318336.0,33321392,0
20221215,2056.71,2060.83,2041.89,2045.65,21097756672.0,26920254,0
20221216,2039.78,2056.1,2038.21,2055.94,20777259008.0,28948724,0
20221219,2052.36,2054.67,2001.44,2009.61,23088857088.0,33914697,0
20221220,2005.97,2009.54,1982.33,1988.7,17446184960.0,24016138,0
20221221,1991.51,2004.02,1987.82,1991.09,14133038080.0,19435316,0
20221222,2000.49,2015.27,1980.75,1987.75,20159350784.0,27516970,0
20221223,1979.71,2009.52,1979.34,2001.3,19968333824.0,27001090,0
20221226,2002.62,2017.43,2000.07,2008.88,18852669440.0,25191139,0
20221227,2020.83,2031.24,2009.04,2028.89,20724758528.0,26448716,0
20221228,2024.06,2042.1,2020.01,2029.03,28222730240.0,39892499,0
20221229,2024.9,2024.9,2011.06,2015.13,20077322240.0,26353036,0
20221230,2021.72,2040.4,2019.15,2036.24,19878184960.0,26819046,0
20230103,2036.17,2055.77,2029.65,2051.27,29024442368.0,39258258,0
20230104,2052.79,2060.59,2047.63,2055.24,23429502976.0,32963457,0
20230105,2058.69,2077.45,2058.14,2071.96,28702740480.0,37427488,0
20230106,2069.95,2069.95,2052.39,2057.29,24631701504.0,32365454,0
20230109,2059.57,2064.02,2047.3,2058.31,23417862144.0,31502431,0
20230110,2056.68,2059.31,2049.43,2052.27,19910060032.0,25520538,0
20230111,2055.52,2061.05,2045.33,2046.32,20915988480.0,26564195,0
20230112,2045.21,2058.02,2041.51,2053.47,19821805568.0,25599598,0
20230113,2055.2,2080.88,2052.33,2080.88,23203022848.0,26343112,0
20230116,2083.88,2108.64,2083.88,2089.74,33688713216.0,37772086,0
20230117,2091.07,2091.12,2074.55,2079.94,22884476928.0,27609984,0
20230118,2081.23,2091.21,2081.23,2088.29,20121524224.0,26714471,0
20230119,2086.46,2096.31,2077.87,2096.26,22193244160.0,27457489,0
20230120,2099.1,2132.17,2098.79,2131.57,31340169216.0,43607104,0
20230130,2149.92,2152.84,2111.21,2113.35,35505348608.0,48979802,0
20230131,2104.72,2118.33,2099.14,2106.76,28577730560.0,38500600,0
20230201,2109.14,2123.14,2098.98,2122.66,27704178688.0,36382782,0
20230202,2124.75,2135.9,2119.1,2122.56,27140726784.0,36959607,0
20230203,2117.72,2117.72,2096.93,2112.96,22906132480.0,30631368,0
20230206,2102.67,2116.45,2095.22,2100.94,23444287488.0,30580563,0
20230207,2105.51,2114.92,2101.64,2112.78,20704333824.0,27041080,0
20230208,2113.79,2118.83,2103.56,2105.39,21769353216.0,29783123,0
20230209,2102.97,2118.71,2100.38,2117.38,20393019392.0,27219884,0
20230210,2116.46,2129.77,2109.0,2127.73,23912574976.0,32652859,0
20230213,2128.26,2143.79,2127.74,2138.27,30594791424.0,39754825,0
20230214,2140.84,2147.16,2134.82,2142.93,20763060224.0,27316676,0
20230215,2143.06,2143.56,2127.22,2131.15,23080189952.0,30052589,0
20230216,2129.68,2163.3,2114.63,2123.91,32947900416.0,45747295,0
20230217,2122.34,2131.74,2103.32,2104.03,22557495296.0,30725915,0
20230220,2111.39,2149.8,2107.93,2148.85,28267567104.0,37964458,0
20230221,2149.38,2157.22,2137.01,2157.22,25871159296.0,36410654,0
20230222,2146.42,2148.75,2133.76,2135.99,21570615296.0,30272012,0
20230223,2136.42,2140.09,2115.6,2122.92,21837111296.0,30567932,0
20230224,2124.57,2125.65,2107.33,2115.73,17696274432.0,24791415,0
20230227,2106.8,2118.29,2100.75,2107.66,20189693952.0,25623700,0
20230228,2116.3,2141.11,2116.12,2138.93,26066182144.0,36407760,0
20230301,2139.04,2181.59,2135.11,2177.66,38796615680.0,54657512,0
20230302,2174.93,2192.46,2171.37,2186.15,33911711744.0,49670687,0
20230303,2183.09,2209.22,2179.28,2206.19,36018118656.0,51967862,0
20230306,2212.88,2232.33,2207.04,2211.46,37965160448.0,51173629,0
20230307,2208.3,2228.91,2180.82,2182.23,38223200256.0,51639793,0
20230308,2174.47,2189.14,2170.75,2189.14,25382612992.0,33718321,0
20230309,2189.4,2200.87,2172.24,2189.73,31093592064.0,39671587,0
20230310,2177.85,2188.04,2162.1,2163.15,30139222016.0,38495686,0
20230313,2159.76,2207.11,2159.76,2207.11,33747648512.0,42951370,0
20230314,2201.36,2219.51,2187.35,2204.79,37497020416.0,47451758,0
20230315,2210.53,2217.29,2195.82,2213.31,33020760064.0,43726697,0
20230316,2204.2,2218.24,2187.09,2192.4,33832196096.0,42328442,0
20230317,2198.09,2219.52,2195.37,2208.44,37216563200.0,46261009,0
20230320,2210.18,2219.07,2159.91,2161.9,45449064448.0,59027337,0
20230321,2163.68,2181.96,2163.35,2178.55,31736256512.0,40689567,0
20230322,2185.55,2194.0,2173.16,2181.65,29529569280.0,36748457,0
20230323,2178.14,2188.95,2164.18,2188.95,34033606656.0,41235099,0
20230324,2186.79,2186.79,2157.04,2160.41,34114390016.0,41929313,0
20230327,2159.5,2159.53,2129.13,2142.89,37079306240.0,43817968,0
20230328,2144.95,2154.95,2140.04,2143.76,30479794176.0,36491999,0
20230329,2142.64,2147.05,2129.59,2137.14,29842915328.0,35976310,0
20230330,2135.12,2152.85,2122.29,2148.03,30922487808.0,38035609,0
20230331,2149.01,2158.76,2145.66,2155.64,28406212608.0,35039808,0
20230403,2149.99,2159.01,2136.79,2156.3,39710605312.0,49134459,0
20230404,2153.7,2180.22,2151.63,2179.77,41194942464.0,50963142,0
20230406,2173.81,2173.99,2159.21,2169.57,27648651264.0,35386765,0
20230407,2168.07,2182.63,2167.91,2180.38,24099477504.0,29327855,0
20230410,2181.19,2200.71,2181.19,2195.45,32193931264.0,40053071,0
20230411,2196.77,2197.6,2174.29,2184.67,30161352704.0,36309687,0
